5 1 7 19 46 83 0 0 0 0 10 11 58 0 0 0 4 20 0 42 0 0 0 8 41 25 23 0 0 0 6 49 6 9 0 0 0 1 20 6 37 0 6 0 13 8 30 66 0
17 17 20 20 23 4 29 11 18 19 0 0 0 16 23 18 5 0 0 0 10 32 28 10 0 0 0 7 22 19 0 0 0 0 14 20 0 0 0 16 36 36 0 4 0 0 10 4 13
0 7 0 0 0 0 0 0 0 0 9 8 0 0 0 0 9 31 29 15 0 0 10 12 20 30 20 0 0 17 10 0 8 0 0 10 33 28 12 18 0 0 0 17 16 16 6 0 0
0 0 0 0 0 0 0 0 0 0 0 0 0 0 0 0 0 0 0 0 0 0 0 0 0 0 0 0 0 0 0 0 0 0 0 0 0 0 0 0 0 0 0 0 0 0 0 0 0
0 0 0 0 0 0 0 0 0 0 0 0 0 0 1 24 22 0 0 0 4 5 8 13 7 0 7 5 9 4 0 0 0 0 0 15 0 0 0 0 0 0 0 4 0 0 0 0 0
0 0 0 0 0 0 0 5 0 10 7 10 0 0 0 0 6 21 6 0 0 0 19 10 8 0 0 0 0 4 1 1 0 0 0 0 0 0 16 18 0 0 0 0 0 1 1 8 0
0 0 0 0 0 0 0 0 22 1 0 0 0 0 9 18 6 0 0 0 0 4 17 4 0 0 0 0 0 10 6 0 0 0 0 0 11 12 0 0 0 0 0 6 5 0 0 0 0
0 7 4 0 4 4 5 0 0 0 0 0 0 0 0 0 0 0 0 0 16 0 4 0 0 0 0 4 0 19 12 11 9 8 0 0 19 11 14 10 0 0 0 0 0 0 0 0 0
17 10 13 12 14 16 4 21 4 11 15 12 16 4 8 14 21 22 0 0 0 5 0 9 20 0 0 1 7 0 10 14 0 0 4 7 0 5 14 17 0 0 0 1 0 0 4 0 0
0 9 11 15 24 7 0 0 12 17 21 7 0 1 7 14 29 31 30 16 12 13 32 32 36 19 20 13 8 33 34 21 9 21 14 0 14 21 33 25 18 13 0 10 20 27 27 0 9
15 11 23 40 32 9 0 55 29 41 42 33 33 19 36 21 4 5 13 0 0 13 8 0 4 1 0 8 4 0 0 20 0 0 7 8 8 23 32 12 0 0 0 0 10 0 0 0 0
0 0 0 0 0 0 0 0 0 0 0 0 0 0 0 0 0 0 0 0 0 0 0 0 0 0 0 1 0 0 0 0 19 5 0 0 0 0 0 0 0 0 0 0 0 0 0 0 0
0 17 18 27 29 12 6 0 0 0 0 0 0 0 0 0 0 0 0 0 0 0 0 0 12 7 15 9 0 0 0 0 0 0 0 0 0 0 0 0 0 0 0 0 0 0 0 0 1
18 17 0 15 31 44 28 15 25 4 27 29 51 33 0 0 0 6 22 56 38 0 0 0 12 17 47 24 5 6 17 0 13 37 18 4 0 0 0 0 27 19 11 14 5 0 10 32 20
0 0 0 0 0 0 0 0 0 0 0 0 0 0 0 0 0 0 0 12 10 0 0 0 0 0 0 0 0 0 0 0 0 0 0 0 0 0 15 10 17 0 0 0 0 0 7 11 0
0 0 0 0 0 0 0 0 0 1 0 0 0 0 0 0 6 6 0 0 0 0 0 1 0 0 0 0 0 0 0 0 0 11 4 0 0 0 0 0 0 0 0 1 8 6 10 1 0
14 15 0 5 18 22 9 16 0 0 0 12 9 9 0 0 0 0 0 4 1 0 0 0 0 0 15 8 0 0 0 0 4 33 19 0 0 0 1 0 6 0 0 0 0 0 0 0 0
0 0 0 0 0 0 0 5 0 0 0 0 0 0 13 6 6 1 0 0 0 5 4 0 0 0 0 0 0 8 0 0 0 12 14 6 1 0 13 31 31 13 0 0 0 0 0 0 5
38 17 16 13 27 38 31 14 11 4 7 19 22 13 19 22 5 0 12 19 19 5 8 19 24 23 32 24 0 9 22 18 20 17 5 5 5 9 11 14 28 9 0 0 0 0 0 0 0
0 0 0 0 0 0 0 0 0 0 0 0 0 6 0 0 0 0 0 0 0 0 0 0 16 23 0 0 0 0 0 0 0 0 0 0 0 0 0 0 0 0 0 5 0 0 0 0 0
38 0 0 0 20 23 0 9 0 0 5 12 0 0 7 0 0 23 27 0 0 14 0 0 55 49 0 0 17 0 11 45 5 0 0 29 0 4 1 0 0 0 5 0 0 0 0 0 0
5 19 19 20 13 0 0 0 21 0 12 22 7 0 0 1 0 0 0 0 0 1 0 1 0 0 0 0 0 9 19 0 0 0 0 0 4 17 0 0 0 0 0 6 0 0 0 0 0
0 0 0 0 0 0 0 0 0 0 0 0 0 0 0 0 0 0 0 0 0 0 0 0 0 0 0 0 0 0 0 0 0 0 0 0 0 0 0 0 0 0 0 4 0 0 0 0 11
32 51 38 30 19 18 32 37 25 6 16 21 15 25 5 0 0 0 0 0 0 0 0 0 0 0 0 0 0 5 25 36 29 27 35 26 26 36 66 73 68 51 17 22 15 24 27 17 10
0 0 0 0 0 0 0 0 0 0 0 0 0 0 0 0 0 0 0 0 0 0 0 0 0 0 0 0 0 0 0 0 0 0 0 0 0 0 4 9 0 0 0 0 0 14 15 5 0
16 0 0 0 12 10 15 0 0 0 0 0 0 0 0 0 0 0 0 0 0 0 0 0 0 0 0 0 0 0 0 0 0 0 0 0 0 0 0 0 0 0 0 0 0 0 0 0 0
0 5 0 18 11 0 0 0 8 19 29 19 15 0 6 22 33 46 42 44 0 0 5 24 24 8 28 0 0 13 27 13 0 23 1 0 26 18 30 24 28 4 0 0 4 9 13 0 0
0 0 0 0 0 0 0 0 0 0 0 0 0 0 0 0 0 0 0 0 0 0 0 0 0 0 0 0 0 0 0 0 0 0 0 0 0 0 0 0 0 0 0 0 0 0 0 0 0
0 0 0 0 0 0 0 0 14 22 14 1 7 0 12 16 17 6 0 0 0 14 18 9 0 0 0 0 4 0 0 0 0 0 0 0 0 0 0 0 0 0 0 0 0 0 0 0 0
0 0 0 0 0 0 0 0 0 0 0 0 0 0 0 0 0 0 0 0 0 0 0 0 0 0 0 0 0 0 0 0 0 0 0 0 0 0 0 0 0 0 0 0 0 0 0 0 0
10 0 1 0 6 0 0 16 9 15 18 10 5 0 23 16 10 0 0 0 0 23 17 16 0 4 0 0 15 14 9 4 7 0 0 9 12 0 0 0 5 1 1 0 0 0 4 6 0
61 58 44 40 44 65 62 26 26 23 28 47 63 69 0 0 15 4 0 12 33 0 0 19 11 0 15 34 14 22 34 23 16 47 51 39 19 26 21 40 64 56 31 33 29 26 31 26 28
38 22 25 36 46 55 39 40 20 22 45 40 42 45 0 10 14 19 5 4 29 0 9 8 0 0 0 34 15 32 34 78 73 57 44 21 26 32 56 72 36 15 18 8 0 8 23 10 8
0 5 0 0 0 0 0 0 0 0 0 0 7 0 0 0 0 0 0 17 0 0 0 0 7 6 10 0 0 10 8 11 0 10 0 0 11 11 5 0 8 0 0 0 0 1 0 0 0
43 43 15 0 13 34 27 29 37 41 29 5 27 33 21 17 19 22 0 0 17 0 0 0 5 0 1 6 17 8 9 25 32 24 6 17 11 0 0 4 0 5 20 9 0 0 0 24 33
0 0 0 0 0 0 0 12 0 0 0 0 18 19 0 4 6 7 15 20 16 0 10 25 48 42 40 21 0 23 16 11 0 4 13 4 8 0 9 5 9 7 0 0 0 0 4 0 0
0 0 0 6 7 0 0 0 12 8 6 0 0 0 0 16 0 0 8 0 0 0 10 5 1 6 13 0 0 7 0 0 0 0 0 0 0 0 1 1 11 17 0 1 0 0 0 1 0
16 21 8 12 31 26 8 35 16 22 27 35 32 12 27 26 32 26 19 20 15 17 33 42 32 8 8 11 24 37 45 26 19 16 16 28 35 38 36 33 17 22 22 24 29 31 37 24 0
0 0 0 0 0 0 0 0 8 7 0 0 0 13 1 5 0 0 0 0 13 6 0 0 0 0 0 6 0 0 0 0 0 0 0 0 0 0 0 0 0 0 11 0 0 0 0 0 0
0 0 0 0 26 21 8 0 0 0 0 0 0 0 0 0 0 1 0 0 0 0 0 0 0 0 11 0 0 0 0 0 10 12 0 0 0 4 14 11 0 0 0 0 0 0 0 0 0
42 57 41 45 41 55 37 47 59 55 66 60 60 38 34 51 47 48 37 34 36 25 35 33 36 35 32 19 23 29 24 22 44 39 19 18 33 14 30 31 30 12 20 30 14 14 21 19 21
0 0 4 11 13 0 0 0 0 0 0 0 0 0 0 0 12 13 14 0 0 12 10 16 0 0 0 0 5 0 1 0 1 0 0 0 0 0 0 0 0 0 0 0 0 0 0 0 0
35 22 20 17 29 32 25 20 0 8 20 25 9 7 11 0 8 13 15 8 9 0 0 6 1 21 7 9 6 0 0 0 0 1 14 11 0 6 4 0 1 9 7 0 0 1 10 9 9
0 0 0 0 0 0 0 0 0 0 0 0 0 0 0 0 0 0 0 0 0 0 0 0 0 0 0 0 0 0 0 4 5 0 0 0 0 0 0 0 0 0 0 0 0 0 0 0 0
0 0 0 0 0 0 0 0 0 0 0 0 0 0 0 0 0 0 0 0 0 0 0 0 1 0 0 0 0 0 0 0 5 0 0 0 0 0 0 0 0 0 0 0 0 0 0 0 0
14 6 0 4 5 0 16 0 0 0 0 0 0 0 0 0 0 0 0 0 0 0 0 0 0 0 0 0 0 0 0 0 0 0 0 0 0 0 0 0 0 0 0 0 0 0 0 0 0
0 34 28 19 29 13 0 0 11 12 5 5 1 0 0 0 0 0 0 5 0 8 0 0 0 0 0 0 1 0 18 0 0 0 1 0 8 15 0 0 4 0 0 0 0 0 0 0 0
12 22 13 23 34 39 21 10 20 0 5 29 39 24 0 0 0 0 11 28 7 0 0 12 16 13 21 16 0 8 14 31 26 22 13 0 4 9 23 22 7 5 0 6 1 0 0 7 9
0 0 0 0 0 0 0 0 0 0 0 0 0 0 0 0 0 0 0 0 0 0 0 0 0 0 0 0 0 0 0 0 0 0 0 0 0 0 0 0 0 0 0 0 13 15 6 0 1
0 0 0 0 0 0 0 0 22 14 0 12 9 17 0 0 0 0 0 0 0 0 0 0 0 19 10 12 0 0 11 21 23 10 12 0 5 23 25 12 1 4 0 9 16 15 15 20 10
0 0 0 0 0 0 0 7 0 0 0 0 0 0 5 0 0 0 0 0 0 0 0 0 0 0 0 0 0 0 0 0 0 0 0 0 0 0 0 0 0 0 0 0 5 0 0 0 5
0 0 0 0 0 0 0 12 0 0 0 0 0 0 4 0 0 0 0 0 0 0 0 0 0 0 0 0 0 0 0 0 0 0 0 0 0 0 0 0 0 0 4 6 7 4 4 0 1
46 10 13 0 8 13 28 23 0 5 11 30 11 14 17 0 7 5 13 6 5 5 0 0 0 0 0 0 6 0 7 0 30 14 0 12 0 13 0 0 6 0 6 0 0 0 0 0 9
10 23 0 0 0 0 0 21 13 0 0 0 0 0 5 0 0 0 0 0 0 0 0 5 4 0 0 0 4 0 6 10 13 6 0 5 0 0 0 12 0 0 17 0 0 0 0 0 0
0 0 0 0 0 0 0 0 0 0 0 0 0 0 0 0 0 0 0 0 5 1 0 0 0 0 0 4 0 0 0 0 6 1 7 1 0 0 0 0 0 0 1 0 0 0 0 0 0
13 0 0 0 0 0 0 1 0 0 0 0 0 0 0 0 0 0 0 0 0 0 0 0 0 0 0 0 0 0 0 0 0 0 0 1 0 0 0 0 0 7 0 0 0 0 0 0 0
0 0 0 0 0 0 0 0 0 0 0 0 0 0 0 0 0 0 0 0 0 0 0 0 0 0 0 0 4 0 0 0 0 0 0 0 0 0 0 0 0 0 0 0 0 0 0 0 0
0 0 0 0 10 0 0 0 0 0 0 0 0 0 0 0 0 0 0 0 0 0 0 0 0 0 0 0 0 0 0 0 0 0 0 0 0 0 0 0 0 0 0 0 0 0 0 0 0
0 0 0 0 0 0 0 0 0 0 0 0 0 0 0 0 0 0 0 0 0 0 0 0 0 0 0 0 0 0 0 0 0 0 0 0 0 0 0 0 0 0 0 0 0 0 0 0 0
0 5 0 0 0 0 0 0 0 0 0 0 0 0 0 0 0 10 7 0 15 0 0 0 0 0 0 19 5 0 12 0 0 0 11 0 27 41 8 0 0 15 0 27 51 18 9 14 9
1 20 26 16 4 0 0 0 0 0 0 0 0 0 0 0 0 0 0 0 0 0 0 0 0 0 0 0 0 8 0 0 0 0 0 0 0 0 0 0 0 0 0 0 1 0 0 1 0
0 8 0 0 0 0 26 0 0 0 0 0 0 24 0 0 0 0 0 6 20 0 0 0 0 0 0 11 0 0 0 4 7 0 15 0 0 0 0 0 0 16 0 0 0 0 0 0 11
0 0 0 0 0 0 0 0 21 5 0 0 0 0 6 22 7 0 0 0 0 0 4 6 0 0 0 0 0 1 17 15 8 20 1 0 0 0 0 4 18 6 0 0 0 0 0 0 0
52 26 11 12 20 38 41 16 0 0 14 12 19 18 0 0 0 6 7 0 7 6 0 0 0 11 0 0 15 5 13 0 27 12 0 34 21 20 14 9 8 1 33 20 10 0 0 0 0
19 30 26 21 13 5 1 0 14 22 13 13 8 0 9 13 24 16 17 0 0 11 14 8 0 0 0 0 11 14 0 0 0 0 0 9 11 7 0 0 14 1 11 19 7 9 12 14 11
23 26 20 35 33 22 30 26 10 14 36 38 43 26 27 0 1 39 38 41 31 7 0 0 16 25 34 28 8 0 7 9 0 23 30 5 8 4 20 0 17 26 0 1 1 4 8 18 15
0 0 0 0 0 0 0 0 0 0 0 1 0 0 0 0 0 0 0 0 0 0 0 1 0 0 0 0 0 0 0 4 0 0 0 0 0 0 0 0 0 0 0 0 0 0 0 0 0
0 0 0 0 0 0 0 0 0 0 0 0 0 0 0 0 0 0 0 0 0 0 0 0 0 0 0 0 0 0 0 0 0 0 0 0 0 0 0 0 0 0 0 0 0 0 8 0 0
33 16 0 0 9 35 18 0 7 0 11 17 28 8 0 5 5 8 16 45 15 0 4 8 17 40 51 17 4 11 12 11 15 33 10 19 29 29 34 31 44 15 0 17 19 20 11 7 0
0 0 0 5 0 0 5 0 0 7 30 11 0 0 0 14 16 14 5 0 5 12 15 11 7 15 7 0 10 25 11 14 5 9 8 0 19 6 0 0 5 0 0 15 11 13 7 0 5
78 82 49 34 44 66 63 30 30 8 11 26 44 43 19 14 22 45 39 30 29 18 20 34 55 51 40 29 26 33 44 54 54 53 38 39 41 30 43 52 67 61 26 16 0 18 32 33 26
0 0 9 12 0 0 0 0 0 4 5 0 0 0 7 11 7 8 7 5 20 5 11 6 0 0 9 14 0 0 0 0 0 0 13 0 0 0 0 0 7 7 0 0 0 0 0 0 4
0 0 0 0 0 0 0 0 0 0 0 0 0 0 0 0 0 0 0 0 0 0 0 0 0 0 0 0 0 0 0 0 0 0 0 0 0 0 0 0 0 0 0 0 0 0 0 0 0
0 13 0 0 4 13 4 17 0 0 0 0 22 11 0 0 0 6 0 0 0 0 0 0 0 0 0 0 6 14 0 0 0 0 0 9 25 0 0 6 5 7 9 19 12 6 13 8 0
12 19 1 0 11 21 30 20 10 8 0 0 12 21 11 4 9 0 0 6 14 14 5 0 0 0 0 15 27 7 12 0 0 9 16 18 17 19 15 18 6 5 14 8 6 0 11 0 6
0 0 4 14 11 0 0 0 0 0 0 0 0 0 0 0 0 0 0 0 0 0 0 0 0 0 0 0 0 0 0 0 0 0 0 0 1 0 0 0 0 0 0 0 0 0 0 0 0
0 0 0 0 0 0 0 0 0 0 0 0 0 0 0 0 14 0 5 0 0 1 7 20 21 23 1 0 5 10 9 15 15 0 9 7 1 10 13 12 11 21 0 0 6 10 10 10 22
0 0 6 11 0 0 0 0 0 0 0 0 0 0 10 17 31 20 0 0 0 10 23 31 21 1 0 0 10 18 29 30 22 10 5 1 12 18 23 29 6 0 0 0 13 13 8 0 0
41 53 41 43 62 80 36 30 52 65 58 48 67 43 16 34 36 21 29 52 37 20 31 20 0 0 26 17 19 37 12 0 0 12 11 27 56 29 45 29 41 25 26 49 27 25 11 51 23
31 43 18 20 26 41 25 22 34 11 16 36 50 30 13 18 4 0 11 40 24 12 23 24 25 31 43 20 23 38 34 35 34 45 22 30 41 34 34 35 52 20 17 26 5 7 0 8 5
0 0 0 0 0 0 0 0 0 0 0 1 0 0 0 0 0 0 0 0 0 0 0 0 0 0 0 0 0 0 0 0 0 0 0 0 0 0 0 0 0 0 0 0 0 0 0 0 0
0 0 0 0 0 0 0 0 0 0 0 0 0 0 0 0 0 0 0 0 0 0 0 1 0 0 0 0 1 0 0 0 0 0 0 0 0 0 0 0 0 0 0 10 0 0 0 0 0
0 0 0 0 0 0 0 0 0 0 0 0 0 0 0 10 38 40 17 0 0 8 21 25 16 0 0 0 7 0 0 0 0 0 0 0 0 0 0 0 0 0 0 0 5 7 11 6 1
42 29 25 43 52 45 26 41 37 42 56 58 53 20 9 20 34 39 36 42 17 11 6 14 30 27 34 24 8 6 21 23 28 45 27 15 13 10 16 0 20 15 23 23 10 7 12 23 17
0 0 0 0 0 0 0 0 0 0 0 0 0 0 0 0 0 0 0 0 0 1 0 0 0 0 0 0 0 0 8 0 0 0 0 0 0 0 0 0 0 0 0 6 8 0 10 0 0
13 28 18 26 32 31 7 6 0 0 8 24 38 6 4 0 9 19 31 33 13 0 8 33 37 39 43 17 1 24 30 33 44 56 21 4 29 26 20 34 42 17 5 12 17 19 32 19 8
0 0 0 0 0 0 0 0 0 0 0 0 0 0 0 0 0 0 0 0 0 0 0 0 0 0 0 0 0 0 0 0 0 0 0 0 0 0 0 0 0 0 0 0 0 0 0 0 0
17 12 11 0 0 0 15 9 0 0 0 0 0 13 0 0 5 6 17 0 27 0 0 0 11 16 6 18 0 0 0 0 0 0 0 6 0 0 0 0 0 0 7 0 0 0 0 0 5
0 0 6 0 0 0 0 0 0 0 0 0 0 0 0 0 9 22 4 0 0 0 0 0 13 0 0 0 0 0 0 26 17 12 0 0 0 0 4 6 0 0 0 0 0 0 0 0 0
0 0 7 6 0 0 6 0 6 0 0 0 0 0 0 7 0 0 0 0 0 0 4 0 0 0 0 0 0 0 0 0 0 0 0 0 0 0 0 0 0 0 0 7 0 0 0 0 0
6 0 0 0 0 0 9 0 0 0 0 0 0 0 0 0 0 0 0 0 0 0 0 0 0 0 0 0 12 0 0 0 0 0 0 11 0 0 0 0 0 0 8 0 0 0 0 0 0
13 12 13 7 4 12 19 0 0 9 8 0 0 5 12 11 29 39 9 10 8 7 19 29 20 0 5 5 12 22 18 13 0 10 13 6 23 12 16 8 0 18 16 25 9 9 7 8 15
0 0 0 0 0 0 0 0 0 0 0 0 0 0 0 0 6 6 0 0 0 0 1 0 0 0 0 0 0 0 0 0 0 0 0 0 0 0 0 0 0 0 0 0 0 0 0 0 0
13 27 7 0 12 9 25 8 18 6 18 18 9 17 0 0 8 16 11 6 1 0 0 21 6 8 0 0 0 24 30 0 6 0 16 4 47 25 10 0 14 15 1 37 30 6 13 37 6
8 18 37 33 26 7 0 41 54 48 23 0 8 14 30 46 32 18 28 30 21 35 30 21 18 25 37 11 32 13 16 17 23 31 0 29 27 42 43 44 13 5 17 10 17 5 0 4 5
0 0 0 0 0 0 0 0 0 0 0 8 0 0 0 0 0 0 0 0 0 0 0 0 0 0 0 0 4 5 15 22 33 32 9 0 0 22 34 46 22 0 0 0 4 1 0 0 0
45 50 42 49 48 50 38 26 26 21 35 39 39 29 16 10 10 31 40 32 32 16 16 16 26 28 30 27 18 23 19 14 32 39 24 27 28 14 7 20 38 25 13 12 0 6 10 22 21
0 0 0 0 0 0 0 0 0 0 0 0 0 0 0 4 0 0 0 0 0 0 0 0 0 0 0 0 0 1 0 4 9 6 0 0 0 0 1 0 0 0 0 0 0 0 6 0 0
0 0 0 0 0 0 0 0 0 0 0 0 0 0 0 0 0 0 0 0 0 4 0 0 0 0 0 0 13 8 0 0 0 0 0 0 0 0 0 0 0 0 0 0 0 0 0 0 0
0 0 0 0 0 0 0 13 0 0 0 0 0 0 0 0 1 0 0 0 0 0 0 0 0 0 0 0 0 0 0 0 33 10 8 0 0 0 0 0 0 0 11 0 0 0 0 0 10
7 13 0 0 0 0 0 0 0 0 0 0 0 0 0 0 0 0 0 0 0 0 0 5 16 5 5 0 0 0 0 5 10 10 0 0 0 0 0 0 8 1 6 9 5 0 12 21 4
1 0 0 0 0 0 0 0 0 0 0 0 0 0 0 0 0 0 0 0 0 0 0 4 0 0 0 0 0 5 0 0 0 0 0 0 0 0 0 0 0 0 14 0 9 13 14 0 14
1 13 0 0 0 10 9 0 7 0 0 0 0 16 0 0 0 18 15 15 24 0 0 8 32 29 30 22 0 0 20 31 16 19 16 0 10 0 0 0 0 0 0 12 0 0 1 0 0
0 0 0 0 0 0 0 0 0 0 0 0 0 0 0 0 0 0 0 12 7 0 0 0 7 27 26 9 0 0 0 18 15 14 4 0 0 0 13 10 0 0 1 0 1 6 6 0 4
0 0 0 0 0 0 0 0 0 0 0 0 0 0 0 0 0 0 0 0 0 0 0 0 0 0 0 0 0 0 0 0 0 0 0 0 0 0 0 0 0 0 0 0 0 0 0 0 0
0 0 0 0 0 0 0 0 0 0 0 0 0 0 0 0 0 0 0 0 0 0 0 0 0 0 0 0 0 0 0 0 0 0 0 0 0 0 0 0 0 0 0 5 4 0 0 0 0
6 1 0 7 14 20 6 0 0 0 0 0 0 0 0 26 26 5 7 4 0 18 24 26 26 19 10 7 16 22 16 28 13 12 4 9 18 19 30 0 0 0 0 0 0 0 4 0 0
0 0 0 0 0 0 0 0 0 0 0 0 0 0 0 0 0 0 0 0 0 0 0 0 0 0 0 0 0 0 0 0 0 0 0 0 0 0 0 0 0 0 0 0 0 0 0 0 0
0 0 0 0 0 1 0 0 1 0 0 0 0 0 0 1 0 5 9 0 0 0 0 4 22 37 1 0 0 0 6 28 45 10 0 0 0 0 20 5 0 0 0 0 0 0 0 0 0
7 8 0 0 0 0 9 0 0 0 9 22 18 9 0 0 0 0 10 9 4 0 0 5 17 14 9 12 0 0 4 20 22 16 16 0 4 15 23 30 16 14 0 0 0 0 0 0 0
0 0 0 17 0 0 0 0 0 4 11 0 0 0 0 0 0 0 0 0 0 0 0 0 0 0 0 0 0 0 0 0 0 0 5 0 0 0 0 0 0 5 0 1 9 0 0 0 5
21 0 4 6 11 16 16 0 0 0 0 7 0 0 5 0 0 5 7 0 6 0 0 0 4 10 0 0 0 0 0 10 0 0 11 5 0 0 4 1 1 20 0 0 0 0 0 7 12
21 43 34 31 27 43 24 15 37 37 34 21 32 19 21 21 17 13 9 32 30 21 20 5 13 10 35 28 19 20 11 1 0 20 17 29 28 20 15 1 12 0 21 28 17 10 13 5 0
18 24 19 17 25 28 26 18 19 29 17 15 14 14 4 7 12 13 0 0 8 5 1 12 8 0 0 4 17 14 10 10 0 0 4 22 19 19 12 0 0 0 22 29 23 26 7 14 18
0 0 0 0 0 0 0 0 5 0 0 0 0 0 0 5 6 0 0 0 0 0 0 0 0 0 0 0 0 0 0 0 0 0 0 0 0 0 0 0 0 0 0 1 0 0 0 0 0
0 0 0 0 7 0 0 0 13 0 4 1 0 0 9 19 0 0 0 0 0 8 10 6 0 0 0 0 0 12 24 0 0 5 0 0 13 18 7 0 11 0 0 11 16 17 0 6 0
0 0 0 12 8 0 0 0 0 0 9 12 0 0 0 0 4 9 23 0 0 0 1 12 7 7 0 0 0 5 8 9 0 0 0 0 0 7 14 13 4 4 0 1 9 8 9 0 13
0 1 0 0 0 0 0 0 0 0 0 0 0 0 0 0 0 0 0 0 0 0 0 0 0 0 0 0 0 0 0 0 0 0 0 0 0 0 0 0 0 0 0 0 0 0 0 0 0
0 6 0 0 0 0 0 5 7 0 0 0 15 0 0 0 0 0 0 0 1 0 0 9 0 0 0 0 0 0 1 0 0 0 0 0 0 0 0 0 0 0 0 7 7 0 8 0 0
0 0 0 0 9 0 0 0 0 0 0 0 0 0 0 0 0 0 0 0 0 0 0 0 0 0 0 1 0 0 0 0 0 0 6 0 0 0 0 0 0 0 0 0 0 0 0 0 0
0 15 0 7 23 15 1 0 0 5 23 0 0 0 0 0 10 18 6 0 0 0 0 13 22 22 0 0 0 0 1 5 17 7 0 0 5 0 0 0 20 0 0 0 0 0 0 0 0
5 0 0 0 0 0 0 8 0 0 0 0 5 19 0 0 0 0 0 0 1 0 0 0 0 0 0 0 0 0 0 0 0 0 0 0 0 0 0 0 0 0 0 0 0 0 0 0 0
12 4 0 0 0 0 0 0 0 0 0 0 0 0 0 0 0 0 0 0 0 0 0 0 0 0 0 0 0 0 1 6 0 8 0 0 16 13 0 0 0 0 0 0 0 0 7 0 0
1 1 0 0 0 0 0 0 0 0 0 0 0 0 1 0 0 0 4 8 0 6 0 0 14 12 14 4 0 0 0 0 1 4 0 0 0 0 0 0 0 0 0 0 7 1 0 0 0
10 12 23 22 16 30 9 0 0 0 0 0 0 0 0 0 0 0 0 0 0 0 0 0 0 0 0 0 0 0 0 0 0 0 0 0 0 0 0 0 0 0 0 0 0 0 0 1 0
10 12 15 12 12 10 8 22 19 25 11 12 15 0 14 8 0 6 8 14 14 1 0 5 15 20 25 22 0 0 0 0 0 16 17 1 0 1 10 9 4 7 19 25 21 13 21 29 11
24 0 0 0 0 0 0 20 6 0 0 0 0 6 5 0 0 0 11 8 10 19 12 0 0 0 0 0 0 0 0 0 0 0 0 0 0 0 0 0 0 0 5 0 18 13 15 19 19
0 0 0 0 0 0 0 0 4 0 0 0 0 0 1 10 14 0 0 0 0 0 8 17 0 0 0 0 0 16 14 0 0 0 0 0 0 6 0 0 0 1 0 0 1 0 1 0 0
14 4 5 0 1 1 5 5 0 6 0 0 5 10 0 0 0 0 0 0 0 0 0 0 0 0 0 0 6 7 0 0 0 0 0 12 18 11 0 0 0 12 9 9 4 0 12 14 18
0 0 0 0 0 0 0 0 0 0 0 0 0 0 0 0 0 0 0 0 0 0 0 0 0 0 0 0 0 0 0 0 0 0 0 0 0 0 0 0 0 7 0 0 0 0 0 14 0
0 20 7 24 25 28 10 0 0 8 19 13 20 10 0 0 0 0 0 0 0 0 0 0 0 0 0 0 0 0 0 0 0 0 1 0 4 0 0 0 0 0 0 9 0 0 0 7 0
0 0 0 6 0 0 0 0 7 0 13 13 0 0 0 0 0 10 9 0 0 0 0 0 0 0 1 0 0 0 7 27 26 5 0 0 0 0 8 4 0 0 0 4 0 5 0 0 0
4 0 0 0 12 10 0 5 6 0 0 0 28 0 0 0 0 0 0 0 0 0 0 0 0 0 0 0 7 0 0 0 0 0 0 10 0 0 0 0 0 0 6 0 0 0 0 0 0
0 11 21 30 19 0 0 8 20 31 28 7 1 10 14 22 23 23 20 17 8 6 10 7 0 0 0 10 0 4 0 0 8 20 17 0 5 1 10 19 24 16 0 5 9 6 0 0 0
0 0 0 0 0 0 0 0 0 0 0 0 0 0 0 0 0 1 8 0 0 0 0 0 12 8 0 0 0 0 0 4 0 0 0 0 0 7 23 18 15 0 0 5 10 11 9 11 0
121 30 18 13 24 64 93 33 0 0 0 0 0 27 0 0 0 0 0 0 17 0 0 0 0 0 0 0 0 0 0 0 0 0 6 39 0 0 0 0 0 30 26 0 0 0 0 0 19
0 5 0 0 0 0 9 0 0 0 0 0 0 8 0 0 0 0 0 0 0 0 0 0 0 0 0 0 0 0 0 0 0 0 0 0 0 0 0 0 0 0 0 0 0 0 0 0 0
0 0 0 0 0 0 0 0 0 0 0 0 0 0 0 0 4 0 0 0 0 9 9 0 0 0 0 0 5 10 0 0 0 0 0 0 4 8 0 0 0 0 6 8 15 0 6 6 9
14 4 0 0 0 0 1 13 0 0 0 0 0 0 0 0 0 0 0 0 0 0 0 0 0 0 0 1 7 11 9 0 0 0 0 14 10 10 0 0 4 0 14 14 6 0 10 0 0
0 0 0 0 0 0 0 0 0 0 0 0 0 0 0 0 0 0 0 0 0 0 0 0 0 0 0 0 0 0 0 0 0 0 0 0 0 0 0 0 0 0 0 0 0 0 0 0 0
0 8 24 40 38 15 7 0 11 19 31 26 0 0 22 35 32 16 23 11 0 19 27 15 4 8 0 0 8 17 28 25 28 0 0 0 0 4 12 0 0 0 0 8 1 5 0 0 0
0 0 0 0 0 0 0 1 29 14 33 29 40 0 0 18 19 25 21 23 0 0 15 14 14 21 24 11 0 19 0 1 0 17 11 0 24 10 12 14 31 10 0 19 0 15 11 28 5
5 18 20 23 1 0 5 0 10 5 5 0 0 13 0 11 0 0 0 0 9 11 7 7 17 9 0 0 13 8 0 0 0 0 0 10 4 0 0 6 1 13 10 1 0 0 0 0 0
0 0 0 0 0 0 0 0 0 0 0 0 0 0 0 0 0 0 0 0 0 0 0 0 0 0 0 0 0 0 0 0 0 0 0 0 0 0 0 0 0 0 0 0 0 0 0 0 0
0 0 0 0 0 0 0 0 0 0 0 0 0 0 0 0 0 0 0 0 0 0 0 0 0 0 0 0 0 0 0 0 0 0 0 0 0 0 12 6 5 0 0 0 4 15 15 13 0
0 0 0 0 0 0 0 0 23 1 0 0 22 12 0 10 0 0 0 0 0 0 10 9 0 0 0 7 0 23 17 5 0 0 5 0 15 8 8 0 1 1 0 13 1 0 5 0 8
0 0 0 0 0 0 0 0 0 4 8 0 0 0 0 0 8 0 0 0 0 0 6 0 0 0 0 0 6 12 10 0 0 0 0 0 19 18 0 0 0 0 0 26 22 5 0 1 0
0 0 0 0 0 0 0 0 0 0 0 0 0 0 0 0 0 0 0 0 0 0 0 0 0 0 0 0 0 0 0 0 0 0 0 0 0 0 0 0 0 0 0 0 0 0 0 0 0
0 0 0 0 0 0 0 0 0 0 0 0 0 0 0 0 0 0 0 0 0 0 0 0 0 0 0 0 0 0 0 0 0 0 0 0 0 0 0 0 0 0 0 0 0 0 0 0 0
7 19 9 0 0 0 19 22 26 10 0 0 17 25 12 13 17 19 22 27 25 9 0 7 23 17 25 27 0 1 0 23 29 27 32 1 7 7 20 30 30 23 13 21 9 16 12 26 26
0 0 0 6 10 0 0 0 0 0 0 0 0 0 0 0 0 0 0 0 0 0 0 0 0 0 0 0 0 0 0 0 0 0 0 0 0 0 0 0 0 0 0 0 0 0 0 0 0
0 0 0 0 0 0 0 0 0 0 19 15 19 23 0 0 0 0 16 9 0 0 0 0 6 9 0 0 0 0 0 9 4 16 16 0 0 0 6 10 5 5 0 0 0 0 0 0 0
9 23 18 22 15 16 6 43 45 34 10 16 30 19 41 34 25 7 9 20 9 37 34 45 18 19 15 15 28 37 36 10 0 5 0 19 25 6 6 0 23 9 17 15 0 0 0 16 16
0 15 12 21 29 20 0 7 14 26 18 20 5 0 20 20 31 12 21 10 0 6 13 18 12 1 9 0 6 8 9 0 13 13 0 1 15 0 7 15 0 0 4 6 4 15 20 16 0
0 0 0 0 0 0 0 0 0 0 0 0 0 0 0 0 0 0 0 0 0 0 0 0 0 0 0 0 0 0 0 0 0 0 0 0 0 0 0 0 0 0 0 0 0 0 0 0 0
0 28 15 26 21 6 0 0 1 0 15 15 0 0 0 0 0 0 0 0 0 1 0 0 0 0 10 10 0 12 22 0 0 0 10 0 0 15 18 15 11 13 0 0 0 9 11 12 10
29 11 0 0 0 22 14 43 63 51 35 42 66 40 43 80 59 32 33 47 21 46 59 53 30 16 23 16 35 29 12 17 0 11 0 17 12 0 6 4 12 0 28 40 12 11 20 41 15
0 0 0 0 0 0 0 0 0 0 0 0 0 0 0 0 0 0 0 0 0 0 0 0 0 0 0 0 0 0 0 0 0 0 0 0 0 0 0 0 0 0 0 0 0 0 0 0 0
0 0 0 0 9 0 0 0 0 0 0 0 0 0 0 0 0 0 0 0 0 0 0 0 0 0 0 0 0 4 0 0 0 0 0 0 0 6 0 0 0 0 0 0 0 0 0 0 0
0 0 0 0 0 0 0 0 0 0 0 0 0 0 0 0 0 0 0 0 0 0 0 15 0 0 0 0 0 0 0 0 0 0 0 0 0 0 0 0 0 0 0 0 0 0 0 0 0
0 0 0 0 0 0 0 0 0 0 0 0 0 0 0 0 0 9 0 0 0 0 0 0 0 0 0 0 1 0 0 0 0 0 0 0 0 0 0 0 0 0 0 0 0 0 0 0 0
0 9 4 0 0 0 0 0 4 0 0 0 0 0 0 0 0 0 0 0 0 0 0 0 0 0 0 0 0 0 0 0 0 0 0 0 0 0 0 0 0 0 0 10 13 8 0 0 0
0 0 7 8 5 0 0 0 0 7 5 12 0 0 0 1 0 5 11 4 4 0 0 0 0 0 0 0 0 0 0 0 0 0 0 0 0 0 0 0 0 0 0 0 0 0 0 0 0
9 0 0 1 17 0 11 6 0 0 0 0 0 0 0 7 5 0 0 12 20 0 17 7 0 0 0 8 0 8 14 0 0 0 0 0 0 12 0 0 0 0 22 7 15 6 0 0 0
0 0 0 0 0 0 0 7 32 11 4 0 7 6 8 24 0 5 5 30 25 6 11 0 0 0 5 6 6 12 1 0 14 22 11 7 27 10 24 27 4 0 17 45 39 39 36 17 0
0 5 8 19 15 0 0 0 32 22 27 20 4 1 14 29 20 21 22 6 5 7 14 18 27 18 19 13 0 13 28 34 21 21 8 0 0 11 21 13 26 16 0 5 17 19 23 17 0
0 0 0 0 0 0 0 0 0 0 0 0 0 0 0 5 0 0 0 0 0 0 0 5 0 0 0 0 0 0 0 0 0 0 0 0 0 0 0 0 0 0 0 0 0 0 0 0 0
0 0 4 9 9 15 0 0 8 0 11 0 8 19 1 13 9 9 21 13 0 1 6 0 10 27 28 0 6 11 16 4 5 0 0 0 16 16 9 21 0 0 0 0 0 0 0 0 0
0 0 0 0 0 0 0 0 0 0 0 0 0 0 0 0 0 0 0 0 0 0 0 0 0 0 0 0 0 0 0 0 0 0 0 0 0 0 0 0 0 0 0 0 0 0 0 0 0
0 0 0 0 0 0 0 0 18 9 12 1 0 0 0 22 23 39 18 0 0 12 15 22 26 0 0 0 18 10 14 9 12 0 0 17 7 5 0 4 5 0 5 22 12 14 12 0 0
0 0 0 0 0 0 0 0 0 0 0 0 0 0 0 1 0 0 0 0 0 0 0 0 0 0 0 0 0 0 0 0 0 0 0 0 0 0 0 0 0 0 0 0 0 0 0 0 0
0 0 0 0 0 0 0 0 0 0 16 4 1 0 4 7 7 10 7 18 8 5 12 6 6 0 11 11 7 7 0 0 0 0 0 0 0 0 0 1 0 0 1 1 6 0 4 0 0
0 1 0 4 0 0 0 6 31 20 28 27 15 12 5 15 6 17 8 14 0 0 4 0 0 1 6 0 0 0 0 0 20 6 4 0 0 0 0 6 10 10 0 1 0 0 0 0 0
0 0 0 0 0 0 0 0 0 0 0 0 0 0 0 0 0 0 0 0 0 0 0 0 8 0 0 0 0 0 1 0 0 0 0 0 0 0 0 0 0 0 0 0 0 0 0 0 0
0 0 0 0 0 0 0 0 0 0 0 0 0 0 0 0 0 0 0 0 0 0 0 0 0 0 0 0 7 0 0 0 0 0 0 6 0 0 0 0 0 0 6 0 0 0 0 12 8
0 0 0 0 0 0 0 0 0 0 0 0 0 4 0 0 0 0 1 1 19 0 0 0 0 7 17 20 0 0 0 9 13 19 24 0 0 0 0 5 4 0 0 0 0 0 0 0 0
0 0 0 6 1 0 0 0 0 0 0 0 0 0 0 0 0 0 0 0 0 0 0 0 0 0 0 0 0 0 0 0 0 0 0 0 0 0 0 0 0 0 0 0 0 0 0 0 0
0 0 0 0 0 0 0 0 0 0 0 0 0 0 0 0 0 0 0 0 0 0 0 0 0 5 11 6 0 0 0 0 0 0 0 0 0 0 0 0 0 0 0 0 0 0 0 0 0
0 0 0 0 0 0 0 6 1 20 9 0 0 0 17 33 16 0 0 0 0 9 11 0 0 0 0 0 0 0 0 0 0 0 0 0 0 0 0 0 0 0 0 0 0 0 0 0 0
0 0 0 0 0 0 0 18 0 0 0 0 0 0 17 0 5 0 0 0 0 9 0 0 0 0 0 0 0 0 0 0 0 0 0 1 0 0 0 0 0 0 16 0 0 0 0 0 16
0 0 0 0 0 0 0 0 5 0 0 0 0 0 0 9 0 0 0 0 0 0 0 0 0 0 0 0 0 0 0 0 0 0 0 0 0 0 0 0 0 0 0 0 0 0 0 0 0
10 9 14 0 0 0 7 23 41 24 18 18 30 20 19 23 25 27 25 29 19 13 27 32 26 17 22 8 6 19 19 1 5 7 13 13 20 8 13 1 0 0 14 12 5 7 11 8 6
31 5 14 5 16 29 27 35 18 31 28 27 36 39 35 27 27 35 39 36 42 33 23 1 7 21 20 33 31 24 18 45 38 28 26 46 41 31 51 47 51 36 28 19 15 24 16 26 20
0 5 0 0 0 0 0 0 20 10 16 11 23 4 6 17 16 19 21 34 20 9 12 18 1 0 7 12 5 18 11 0 0 20 15 0 18 17 4 4 23 4 0 16 11 8 17 20 14
35 13 22 15 19 35 7 44 41 22 30 40 65 36 18 29 22 38 38 56 32 16 16 28 43 53 50 23 16 8 19 44 50 40 16 14 0 0 20 31 32 15 16 5 8 13 10 9 0
0 9 1 8 16 21 0 12 11 0 9 27 30 0 12 19 20 27 21 31 10 16 20 19 27 13 28 13 11 24 24 26 16 14 16 0 5 22 19 15 28 15 0 10 10 9 8 12 12
12 15 14 27 20 10 0 26 23 27 44 57 51 9 7 5 4 31 45 43 9 0 0 5 15 15 11 0 0 0 4 11 26 30 0 0 0 6 20 17 19 0 14 4 13 14 14 19 0
23 20 7 0 0 21 21 0 0 0 0 0 0 0 0 0 0 0 0 0 0 0 0 0 0 0 0 0 0 0 0 0 1 0 0 0 0 0 0 0 0 0 0 0 0 0 0 0 0
0 8 19 12 7 13 0 1 8 8 0 0 8 11 0 19 5 0 0 0 4 1 0 9 0 0 0 0 0 1 11 13 10 7 0 0 0 0 6 4 1 0 0 4 12 22 25 14 0
0 0 0 7 0 0 4 0 0 0 8 0 0 0 0 0 0 0 0 0 0 1 0 0 0 0 0 12 7 17 0 0 0 16 18 9 13 11 14 17 22 17 0 5 8 15 13 13 0
5 0 0 0 0 0 0 0 0 0 0 0 0 0 0 0 0 0 0 0 0 0 0 0 0 0 0 0 0 0 0 0 0 0 0 0 0 0 1 0 0 12 0 0 0 0 0 0 0
0 0 0 0 0 0 0 0 0 0 0 0 0 0 0 0 0 0 0 0 0 0 0 0 0 0 0 0 0 0 0 0 0 0 0 0 0 0 0 0 0 0 0 0 0 0 0 0 0
16 11 11 4 0 0 8 6 0 0 0 0 0 0 0 0 0 0 0 0 0 0 0 0 0 0 0 0 0 0 0 0 0 0 0 0 0 0 0 0 0 0 0 0 0 0 0 0 0
0 0 0 0 0 0 0 0 0 0 0 0 0 0 0 7 1 0 0 0 0 10 17 0 0 0 0 0 7 8 0 0 0 0 0 0 0 0 0 0 0 0 0 0 0 0 0 0 0
49 58 39 37 48 57 58 44 52 44 39 55 67 55 29 21 22 29 44 56 46 25 12 0 6 36 54 40 18 7 0 4 27 47 30 21 27 25 18 20 54 34 9 10 8 9 0 27 24
0 11 4 0 5 7 0 0 11 17 0 0 0 0 5 0 0 0 0 0 7 0 0 0 0 7 9 12 0 0 0 12 13 0 0 0 0 0 1 0 0 0 0 0 0 0 0 0 0
8 12 14 0 0 26 17 0 0 0 0 0 0 8 0 0 0 0 0 0 9 0 0 0 0 0 0 9 0 0 0 0 0 0 14 0 0 0 0 0 0 10 0 0 0 0 0 0 0
17 24 16 13 11 29 13 0 0 0 0 0 12 17 5 5 11 16 6 0 0 17 16 13 9 14 0 1 29 16 16 4 0 7 4 30 30 6 4 9 27 26 9 18 0 0 0 6 0
0 0 24 24 23 32 11 0 0 6 16 5 0 0 0 0 21 31 20 6 10 0 0 9 26 24 35 26 8 14 16 36 44 28 6 15 25 19 61 63 56 16 6 0 8 26 27 11 0
0 0 0 0 0 0 0 0 0 11 10 16 0 0 0 0 0 0 0 0 0 0 0 0 0 0 0 0 0 0 0 5 1 0 0 0 0 0 7 8 0 0 0 0 0 0 0 0 0
0 0 0 0 0 0 0 0 0 0 0 0 0 0 0 0 0 0 0 0 0 0 0 0 0 0 0 0 0 0 0 0 0 0 0 0 0 0 0 0 0 0 0 0 0 0 0 0 0
0 5 0 0 0 0 0 6 29 8 4 0 1 23 0 0 0 0 0 0 0 0 0 0 0 0 0 0 0 0 0 0 0 0 0 0 0 0 0 0 0 0 0 0 0 0 0 0 0
16 32 24 34 45 44 19 15 35 27 35 45 55 19 22 26 20 10 0 30 0 14 11 0 0 0 4 0 5 23 14 6 0 10 0 5 32 33 32 33 22 9 8 17 13 17 27 24 11
0 0 0 0 0 0 0 0 0 0 0 0 0 0 0 7 9 0 0 0 0 6 15 16 0 0 0 0 0 0 0 0 8 0 0 0 0 0 0 10 0 0 1 0 0 0 0 0 0
0 10 0 8 0 0 0 0 0 0 0 0 0 0 0 0 5 23 5 0 0 0 0 0 31 0 0 0 0 0 8 17 6 0 0 0 0 0 19 0 0 0 0 0 0 0 0 0 0
0 1 9 16 18 12 0 0 10 26 37 41 23 0 5 10 22 28 8 8 0 0 5 0 4 0 0 0 0 0 0 0 0 0 0 0 0 0 0 0 0 0 0 0 0 5 6 4 0
0 0 1 0 5 12 0 0 0 18 17 7 0 0 0 5 14 4 0 0 0 5 20 9 10 8 10 1 15 31 19 7 0 4 0 14 37 20 8 4 13 14 7 30 19 17 15 26 8
6 28 5 8 13 30 13 1 0 0 0 0 16 18 0 0 0 0 0 0 0 0 0 4 5 0 0 0 0 0 22 10 7 0 0 0 0 0 0 0 0 0 0 5 0 0 0 0 0
0 0 0 0 0 0 0 0 0 0 0 0 0 0 0 0 0 0 0 0 1 0 0 0 0 0 0 0 0 0 0 0 0 0 0 0 0 0 0 0 0 0 0 0 0 0 0 0 0
0 0 1 0 0 0 0 0 32 5 0 1 0 0 8 21 12 5 20 30 0 14 6 0 32 39 40 0 8 0 0 15 30 30 17 6 6 21 29 44 43 0 15 18 10 20 16 33 15
0 0 0 10 9 0 0 5 38 40 42 17 17 10 0 9 0 0 0 0 0 0 0 0 0 0 0 6 0 0 0 0 1 10 4 0 0 0 0 0 0 0 0 0 0 0 0 0 0
4 10 5 0 12 22 0 0 0 0 14 6 8 0 4 0 11 27 13 15 5 0 13 26 41 20 19 0 0 30 30 18 0 7 9 1 21 14 6 0 0 9 12 16 12 1 4 0 8
0 0 0 0 0 0 0 0 0 0 0 0 0 6 0 0 0 0 0 0 0 0 0 0 0 0 0 0 0 0 0 0 0 0 8 0 0 0 0 0 0 0 4 0 0 7 7 0 12
11 25 16 10 20 26 23 14 22 34 35 34 34 29 11 11 17 34 20 23 19 0 0 13 19 6 15 24 0 6 8 9 10 9 14 4 20 6 14 12 1 7 8 12 5 11 17 30 17
0 0 0 0 0 0 0 0 0 0 0 0 0 0 0 0 0 0 0 0 0 0 0 0 0 0 0 0 0 0 0 0 0 0 0 0 0 0 0 0 0 0 0 0 0 0 0 0 0
0 0 0 0 0 0 0 0 0 0 0 0 0 0 0 0 0 0 0 0 0 0 0 0 7 0 0 0 0 0 17 10 0 0 0 0 0 0 0 0 0 0 0 0 0 0 0 0 0
0 0 0 0 0 0 0 0 0 0 0 0 0 0 0 0 0 0 0 0 0 1 0 0 0 0 0 0 0 1 0 0 0 0 0 0 0 0 0 0 0 0 0 0 0 0 0 0 0
0 0 0 0 0 0 0 9 0 8 0 0 0 0 13 0 4 0 0 0 0 8 0 0 0 0 0 0 10 6 0 0 0 0 0 6 0 0 0 0 0 0 0 0 0 0 0 0 0
0 0 0 0 0 0 0 0 0 0 0 0 0 0 0 0 0 0 0 0 0 0 0 0 0 0 0 0 0 8 20 8 0 0 0 0 0 14 4 4 0 0 0 0 0 9 6 0 0
0 0 0 1 11 5 0 0 0 0 0 4 0 0 0 0 0 0 10 0 0 0 0 0 25 12 8 0 0 9 32 24 0 0 4 0 7 23 20 0 0 0 0 0 0 0 0 0 0
0 0 0 0 0 0 0 0 0 0 0 0 0 0 0 0 0 0 0 0 0 0 0 0 0 0 0 0 0 0 0 0 0 0 0 0 5 1 0 0 0 5 0 0 0 0 0 0 0
14 0 0 0 0 0 0 23 6 0 0 0 0 0 11 0 0 1 0 0 0 12 5 6 0 0 0 0 12 7 7 9 17 0 0 14 4 20 26 22 4 0 8 0 18 25 17 0 0
0 0 0 0 0 0 0 0 0 0 1 0 0 0 0 0 0 0 0 0 0 0 0 0 0 0 0 0 0 0 0 0 0 0 0 0 0 0 0 0 0 0 0 0 0 0 0 0 0
12 0 13 4 0 0 0 0 0 0 0 0 0 0 0 0 0 0 24 0 0 0 0 0 13 27 5 0 0 0 0 0 16 0 4 0 0 0 0 0 0 0 0 0 0 0 0 0 0
6 25 6 12 14 17 0 0 21 11 11 9 8 0 0 9 9 6 7 10 0 0 0 5 0 0 1 0 0 7 4 8 7 17 15 0 9 0 0 0 22 17 0 18 13 18 24 34 19
19 32 11 22 20 31 24 13 28 23 23 30 29 9 14 29 24 13 0 5 0 21 37 13 4 0 0 0 22 21 0 0 0 4 0 10 21 0 0 0 26 17 4 24 18 5 15 15 10
23 42 24 30 41 46 38 43 43 17 17 28 43 44 20 16 0 0 6 39 38 18 6 0 0 0 36 41 16 13 8 0 0 26 36 19 13 10 1 15 29 31 24 22 9 9 12 17 26
9 0 0 5 13 20 12 0 0 4 0 13 10 22 0 0 0 0 0 10 17 1 13 0 0 0 0 8 6 11 0 0 0 0 1 6 20 0 0 13 21 23 4 4 0 17 25 12 11
5 11 0 0 0 0 0 28 12 0 0 0 0 0 37 8 0 0 0 6 7 13 0 6 12 18 13 19 0 0 5 14 28 8 5 0 0 0 0 0 0 0 5 6 6 0 0 0 6
0 0 0 0 0 0 0 0 0 0 0 0 0 0 0 0 0 0 0 0 0 0 0 0 0 1 0 0 0 0 0 0 0 0 0 0 0 0 0 0 0 0 0 0 0 10 4 0 0
0 0 0 0 0 0 0 0 0 0 0 0 0 0 0 0 0 0 0 0 0 0 0 0 0 0 0 0 0 0 11 0 0 0 0 0 0 10 0 0 0 0 0 0 5 0 0 0 0
0 0 0 0 0 0 0 0 0 0 0 0 0 0 0 0 0 0 0 0 0 0 0 0 0 0 0 0 0 0 0 0 0 0 0 0 0 0 0 0 0 0 0 0 0 0 0 0 0
0 0 0 0 0 0 0 0 0 0 0 0 0 0 0 0 0 0 0 0 0 0 0 0 0 0 0 0 0 0 0 0 0 0 0 0 0 0 0 0 0 0 0 0 0 0 0 0 0
0 6 13 18 13 0 0 16 36 22 24 20 5 4 29 28 9 8 12 9 7 26 16 0 4 8 10 11 22 13 0 0 0 0 1 16 10 17 10 9 16 12 12 6 11 12 7 0 10
0 0 0 0 0 0 0 0 0 0 0 0 4 0 0 0 0 0 0 0 0 0 0 0 5 8 0 0 0 0 0 0 1 0 4 0 0 0 0 0 4 8 0 0 0 0 0 16 23
21 23 10 0 0 6 25 13 10 9 11 10 20 22 1 24 24 35 15 1 11 14 14 10 0 0 0 10 20 19 0 8 10 18 4 4 11 0 0 0 4 0 0 10 1 1 0 0 0
0 0 0 0 0 0 0 0 0 0 0 0 0 0 0 0 0 0 0 0 0 0 0 0 0 0 0 0 0 0 0 0 0 0 0 0 0 0 0 0 0 0 0 0 0 0 0 0 0
51 49 32 40 52 76 46 22 31 26 37 38 64 35 29 33 35 51 50 80 40 20 24 42 58 54 66 34 23 37 51 70 68 74 38 32 47 42 48 59 72 35 28 43 33 29 33 42 28
0 0 0 0 0 0 0 0 0 0 0 0 0 0 0 5 0 0 0 0 0 6 0 0 0 0 0 0 0 0 0 0 0 0 0 0 0 0 0 0 0 0 0 0 0 0 0 0 0
0 0 0 6 0 0 0 0 0 0 0 0 0 0 0 0 0 0 0 0 0 0 0 0 0 0 0 0 0 0 0 0 5 10 0 0 0 0 0 0 0 0 0 0 11 10 1 12 0
1 8 8 20 21 21 14 0 0 0 15 21 12 0 0 0 0 4 7 6 1 0 0 0 0 9 6 8 0 0 5 5 6 0 0 1 19 22 21 14 0 0 0 0 0 8 0 0 0
25 31 17 9 19 28 23 11 26 7 7 0 9 15 18 27 26 22 15 23 21 6 26 29 14 0 16 16 13 25 25 8 4 19 6 22 24 17 0 0 14 15 17 19 14 12 17 20 9
12 21 22 31 26 23 16 8 16 16 30 16 24 8 0 11 11 16 11 13 7 0 18 20 21 18 8 0 0 0 8 17 29 26 14 0 0 4 14 18 29 24 12 31 18 18 18 11 11
0 0 0 0 0 0 0 0 0 0 0 15 0 0 0 0 0 4 0 0 0 0 0 0 0 0 0 0 0 0 0 0 0 0 0 0 0 0 0 0 0 0 0 0 0 0 0 0 0
48 49 36 30 51 62 51 34 43 39 53 57 68 40 11 17 17 28 30 46 22 4 9 11 10 19 30 16 12 18 20 21 26 32 20 24 33 32 25 34 28 24 25 28 21 14 20 40 38
28 23 10 15 25 37 26 25 34 22 15 9 25 20 8 11 15 20 28 36 26 15 11 12 19 31 51 30 26 19 31 33 31 48 22 39 33 16 15 11 20 19 14 19 14 4 0 0 1
30 0 0 0 0 0 11 33 0 0 0 0 5 8 33 11 0 0 0 0 16 17 5 0 0 0 0 21 23 17 15 11 0 4 19 25 4 8 0 0 0 5 13 5 0 0 0 0 36
0 0 1 0 0 0 0 0 0 0 0 0 0 0 0 0 0 0 0 0 0 0 0 0 0 0 0 0 0 4 0 0 0 0 0 0 14 12 0 0 0 0 1 14 15 6 5 0 1
0 0 0 0 0 0 0 0 0 0 0 0 0 0 1 15 10 12 10 12 4 12 22 20 17 22 0 0 13 0 0 0 0 0 0 0 0 0 0 0 0 1 0 0 12 23 23 20 7
4 1 0 0 0 0 0 22 18 7 0 0 6 28 17 14 17 8 1 16 27 15 19 31 12 0 14 34 9 12 11 0 0 17 23 0 0 0 0 0 0 5 21 11 1 9 16 0 7
0 0 0 0 0 0 0 0 0 0 0 0 0 0 0 0 0 0 0 0 0 0 0 0 0 0 0 0 0 0 0 0 0 0 0 0 0 0 0 0 0 0 6 0 0 0 0 0 0
0 0 0 0 0 1 0 0 0 0 0 0 0 0 0 0 0 0 0 0 0 0 0 0 0 0 0 0 0 0 0 0 0 0 0 0 0 0 0 5 0 0 0 0 0 0 9 12 0
4 0 0 0 0 0 4 0 0 0 0 0 0 15 0 0 0 0 0 0 21 0 0 0 0 8 9 22 0 0 0 0 0 0 21 8 0 0 0 0 0 5 0 0 0 0 9 0 0
40 21 4 0 0 14 24 23 6 0 4 13 31 28 13 9 0 0 0 10 28 1 9 19 5 0 15 33 11 17 22 6 0 0 20 22 23 14 15 6 15 21 23 16 9 24 22 30 22
4 4 0 0 18 24 8 11 0 0 0 4 20 0 16 8 0 0 0 4 5 15 0 0 0 0 0 1 20 14 10 0 0 0 7 22 22 0 1 0 11 6 11 12 4 1 0 4 0
15 29 7 1 12 21 0 18 25 19 7 9 26 0 34 41 25 26 17 21 0 35 53 30 39 27 39 8 33 41 24 35 16 8 0 34 52 39 33 19 1 0 7 0 5 0 0 0 0
0 7 0 4 11 15 0 0 0 0 0 0 0 0 0 0 0 0 0 0 0 0 0 0 0 0 0 0 0 0 0 0 0 0 0 0 0 0 0 0 0 0 0 0 0 0 0 0 0
0 0 0 0 14 7 1 0 0 0 0 0 5 11 0 0 0 0 0 0 1 0 0 0 0 0 1 18 0 19 21 19 8 20 9 0 0 0 0 0 0 0 17 20 0 0 4 0 0
5 8 0 0 0 0 0 6 0 0 0 0 0 0 5 0 0 0 0 0 0 0 0 0 0 0 0 0 0 0 0 0 0 0 0 7 0 0 0 0 0 0 0 0 0 0 0 0 0
0 0 1 4 0 0 13 0 0 0 0 0 0 19 0 5 0 9 0 1 20 0 0 6 0 5 10 23 0 0 0 5 16 23 19 0 0 0 9 11 0 13 0 0 0 0 6 0 1
0 4 0 0 0 0 0 0 20 23 19 6 12 0 0 20 16 0 0 6 0 11 19 12 0 0 8 0 13 18 0 6 28 24 5 0 15 5 21 39 22 8 0 12 9 16 5 6 6
0 0 0 0 0 0 0 0 0 0 0 0 0 0 0 0 13 17 0 0 0 0 0 0 0 0 0 0 0 0 0 0 0 0 0 0 0 0 0 0 0 0 0 0 0 0 0 0 0
8 0 0 0 0 0 9 37 34 27 18 11 27 40 36 17 18 16 12 15 20 27 23 26 22 16 17 22 31 40 47 32 10 10 14 39 41 41 28 33 32 19 29 29 22 12 21 21 22
11 0 0 0 0 18 12 0 0 5 0 0 0 6 5 0 0 16 4 12 7 5 0 0 21 1 4 9 12 0 9 8 0 0 7 19 7 0 4 0 0 0 15 0 0 0 4 4 0
0 0 0 0 0 0 0 0 0 0 0 0 0 0 0 0 0 0 0 0 0 0 0 0 0 0 0 0 0 0 0 0 0 0 0 0 0 0 0 0 0 0 0 0 0 0 0 0 0
0 0 0 0 0 0 0 0 0 0 0 0 0 0 0 0 0 0 0 0 0 0 0 0 0 0 0 0 0 0 0 0 0 0 0 0 0 0 0 0 0 0 0 0 0 0 0 0 0
0 0 0 0 0 0 0 0 0 0 0 0 0 0 0 0 0 0 0 0 0 0 0 0 0 0 0 0 0 0 0 0 0 0 0 0 0 0 0 0 0 0 0 0 0 0 0 0 0
55 52 36 30 35 56 49 26 13 26 22 14 16 27 0 6 17 16 19 28 27 8 0 0 18 28 32 21 9 0 9 26 49 35 14 17 11 9 27 27 24 22 13 9 8 10 20 26 20
5 11 15 8 0 4 0 61 32 7 0 20 43 39 39 14 11 21 34 26 8 10 0 5 0 0 0 0 0 0 0 0 0 0 0 10 0 0 0 0 4 0 9 0 0 0 0 5 0
0 0 0 0 0 0 0 0 0 0 0 0 0 0 0 0 0 0 0 0 0 0 6 4 0 10 0 0 1 0 0 0 10 0 0 6 10 0 0 0 0 0 0 17 5 6 8 0 0
1 0 0 0 0 0 0 0 0 0 0 0 0 0 7 11 10 18 10 0 1 0 11 12 11 0 0 0 0 4 7 4 0 0 0 8 1 8 8 14 10 0 8 6 7 17 16 8 0
0 27 10 0 7 17 1 9 31 0 0 0 0 0 0 0 0 0 0 0 0 0 0 0 0 0 12 5 0 0 0 0 0 0 0 0 1 0 0 0 0 0 0 0 0 0 0 0 0
0 14 7 4 7 10 21 18 19 13 5 19 34 29 0 1 4 16 24 27 19 0 0 8 29 35 26 20 0 8 4 26 16 37 24 19 33 27 24 24 30 21 15 21 14 10 8 15 4
40 36 20 8 0 12 27 37 46 19 8 0 12 28 13 25 24 23 28 28 33 12 30 23 23 24 24 24 17 19 12 0 4 7 13 23 25 17 13 22 21 0 13 22 10 0 0 8 1
0 0 0 0 0 0 0 0 4 17 35 37 0 0 0 0 14 0 0 0 0 0 1 0 0 0 13 0 0 6 0 14 53 51 0 0 0 0 0 7 0 0 0 1 1 0 0 0 0
0 32 11 27 9 0 30 0 0 6 7 0 0 7 0 0 8 0 0 0 0 0 0 9 0 0 0 11 0 18 10 11 0 0 0 0 32 20 0 0 0 12 0 20 19 0 0 0 16
18 32 20 23 45 41 46 0 0 0 0 0 0 0 0 0 0 0 0 0 0 0 0 0 0 0 0 0 0 0 0 0 0 0 0 10 0 0 0 0 0 14 0 0 0 0 0 0 0
0 0 0 0 0 0 0 1 1 0 0 0 0 0 4 6 0 0 0 0 0 0 0 0 0 0 0 0 0 0 1 13 0 0 0 0 0 0 0 0 0 0 0 0 9 8 1 0 0
0 0 0 0 0 0 0 0 0 0 0 0 0 0 1 0 0 0 0 0 0 1 0 0 0 0 0 0 0 0 0 0 0 0 0 0 0 0 0 0 0 0 0 0 0 0 0 0 0
0 0 0 0 0 0 0 0 0 0 0 0 0 0 0 0 0 0 0 0 0 0 0 0 0 0 0 0 1 0 0 0 0 0 0 0 0 0 0 0 0 0 0 0 0 0 0 0 0
1 0 0 0 0 0 6 0 11 0 0 0 0 4 0 11 0 0 0 0 11 0 0 0 0 0 0 0 0 0 0 0 0 0 0 0 0 0 0 0 0 0 22 25 8 13 10 20 33
0 0 0 0 0 0 0 0 0 0 0 0 0 0 0 0 0 0 0 0 0 0 0 0 0 0 0 0 0 0 0 0 0 0 0 0 0 0 0 0 0 0 0 0 0 0 1 0 0
0 0 0 0 0 0 7 0 0 0 0 0 0 13 1 0 0 17 22 16 17 10 11 7 32 24 0 7 10 14 0 12 0 0 5 21 17 26 17 16 24 25 0 0 0 0 17 16 11
0 0 0 0 0 0 0 0 0 0 0 0 0 0 0 0 0 0 0 0 0 0 0 9 7 0 0 0 0 5 1 10 13 0 0 0 5 0 0 0 0 0 0 0 0 0 0 0 0
0 0 0 0 0 0 0 4 6 11 8 0 0 0 7 14 25 15 0 0 0 0 10 18 13 11 0 0 0 0 0 0 0 0 0 0 0 0 0 0 0 0 0 0 0 0 0 0 0
0 7 0 13 0 12 14 0 28 15 6 0 0 7 0 24 12 1 0 0 0 0 5 1 0 0 0 0 0 0 0 0 0 0 0 0 0 0 6 19 14 0 0 0 0 0 0 0 0
0 0 0 6 1 0 21 0 0 0 0 0 0 0 0 0 0 0 0 0 5 0 0 0 0 11 0 4 0 0 0 0 0 0 0 8 0 0 0 0 0 0 0 0 0 0 0 0 0
14 6 14 8 9 1 0 0 8 21 9 8 0 0 0 6 9 0 0 0 0 6 0 0 0 0 0 0 12 0 5 0 0 0 0 11 1 6 0 0 0 0 8 14 12 0 11 13 6
0 0 0 0 0 0 0 0 7 0 0 0 0 0 0 8 0 0 0 0 0 0 4 5 0 0 0 0 0 0 0 0 0 0 0 0 0 0 0 0 0 0 0 0 0 5 7 0 0
19 6 0 0 0 10 13 37 42 29 0 0 46 36 17 26 27 4 0 24 27 7 19 16 0 1 25 26 14 5 0 0 15 45 38 14 13 19 29 24 43 37 20 25 29 33 34 37 30
8 25 17 14 24 34 18 0 0 0 0 5 0 0 0 0 8 8 7 0 0 0 13 13 4 1 0 4 0 14 18 0 0 0 0 0 23 14 10 9 0 0 5 17 7 12 21 11 0
39 0 0 0 0 0 21 0 0 0 0 0 0 0 0 0 0 5 0 0 0 0 0 0 0 0 0 0 0 0 0 0 10 0 0 0 0 0 0 0 0 0 0 0 0 0 0 0 0
0 0 0 0 0 0 0 0 0 0 0 0 0 0 0 0 0 0 0 0 0 0 6 0 0 0 0 0 0 0 0 0 0 0 0 0 0 0 0 0 0 0 0 0 0 0 0 0 0
1 0 9 0 0 0 0 0 15 13 17 0 0 0 0 0 8 15 34 7 0 0 0 7 21 58 36 4 0 6 14 27 43 25 0 0 18 19 13 9 0 0 8 13 0 0 0 1 1
0 0 0 0 0 0 0 0 0 0 5 0 0 0 0 0 0 0 0 0 0 0 0 0 14 14 0 4 0 0 0 0 0 0 0 0 0 0 0 0 0 0 0 0 0 15 15 0 0
0 0 0 4 0 0 0 0 18 5 0 0 0 0 0 0 0 1 6 0 0 1 0 0 0 0 0 0 0 0 0 0 0 0 0 0 0 0 0 0 0 0 0 0 0 0 0 0 0
0 0 0 0 0 0 0 0 0 0 0 0 0 0 0 8 0 0 0 0 0 0 0 0 0 0 0 0 1 12 13 0 0 0 0 0 11 25 23 15 0 0 0 0 5 1 0 0 0
0 0 0 0 0 0 0 0 0 7 9 0 0 0 10 11 0 1 4 5 0 9 1 9 10 0 0 0 0 1 10 9 10 6 0 0 0 13 5 5 13 1 0 0 6 5 12 20 6
0 0 0 0 0 0 0 0 0 0 0 0 0 0 0 0 0 0 0 0 0 0 0 0 0 0 0 0 0 0 0 0 0 0 0 0 0 0 0 0 1 0 0 0 1 0 0 0 0
9 8 4 8 9 9 13 31 12 14 25 29 10 0 15 4 5 9 10 4 0 11 1 0 0 0 0 4 6 0 0 4 8 15 8 14 7 8 8 21 13 10 5 0 0 0 0 0 0
35 0 0 0 0 31 56 0 0 0 0 0 0 0 0 0 0 0 0 0 7 0 0 0 0 6 9 17 0 0 0 0 0 0 1 12 0 0 0 0 0 13 0 0 0 0 0 0 0
0 0 0 0 0 0 0 0 0 0 0 0 0 0 0 0 0 0 0 0 0 0 0 0 0 0 0 0 0 0 0 0 0 0 0 0 0 0 0 0 0 0 0 0 0 0 0 0 0
0 16 9 5 10 11 0 0 13 10 5 0 0 0 0 4 7 9 12 0 0 0 0 5 0 0 0 0 1 0 0 0 0 0 0 0 4 0 0 0 0 0 0 4 0 0 0 0 0
0 0 0 11 0 0 0 0 0 0 0 0 0 0 8 0 0 0 0 0 0 13 5 11 10 0 0 0 15 1 18 21 0 0 0 5 11 17 21 16 21 0 0 14 17 10 4 0 0
4 8 8 0 0 0 0 5 27 12 0 0 0 0 15 31 23 0 0 0 0 21 27 15 0 0 0 0 21 28 16 0 0 0 0 12 12 5 0 0 0 0 12 12 0 0 17 0 5
0 0 0 0 0 0 0 0 0 0 0 0 0 0 0 0 0 0 0 0 0 0 0 0 0 0 0 0 0 0 0 0 0 0 0 0 0 0 0 0 0 0 7 0 1 0 0 0 0
0 0 8 14 0 0 0 0 7 4 0 0 0 0 10 5 11 8 0 0 8 8 0 0 0 8 4 18 8 0 0 0 23 14 21 0 0 0 0 6 0 0 11 14 9 11 10 12 19
0 0 0 0 0 0 0 0 0 0 0 0 0 0 0 0 0 0 0 0 0 0 0 0 0 0 0 0 0 0 0 0 0 0 0 0 0 0 0 0 4 0 0 0 0 0 0 0 0
5 23 16 8 6 13 0 19 26 23 0 0 8 0 12 30 17 0 0 0 0 0 23 9 0 0 0 0 0 22 12 0 0 0 0 0 15 5 12 4 9 0 0 0 0 0 1 0 0
0 0 0 0 0 0 0 0 0 0 0 0 0 0 0 0 1 10 0 0 0 0 0 13 0 0 0 0 0 0 0 0 0 0 0 0 0 0 0 0 0 0 17 13 6 0 13 11 0
0 0 0 0 0 0 0 0 0 0 0 0 0 0 11 4 0 0 0 0 0 0 0 8 0 0 0 0 0 1 6 0 0 0 0 0 0 7 0 0 0 0 0 0 0 0 0 10 0
0 0 0 0 0 0 0 0 0 0 0 0 0 0 0 0 0 0 0 0 0 0 0 0 0 0 0 0 0 0 0 0 0 0 0 0 0 0 0 0 0 0 0 0 0 0 0 0 0
26 17 4 0 0 0 30 14 0 0 0 0 0 8 0 0 16 7 0 0 0 12 23 13 6 0 0 0 21 18 0 0 0 0 0 24 15 0 0 0 0 0 15 5 0 0 1 0 6
0 0 0 0 0 0 0 0 0 5 1 0 0 0 1 19 10 0 0 0 0 0 17 10 0 0 0 0 0 10 0 0 0 0 0 0 4 0 0 0 0 0 1 13 6 19 17 15 0
0 0 0 0 0 0 0 0 0 10 5 0 0 0 0 8 15 0 0 0 0 0 14 13 0 0 0 0 7 9 5 0 0 0 0 5 8 0 0 0 0 0 0 0 0 0 0 0 0
17 7 4 7 10 0 15 7 42 20 28 36 34 34 11 28 12 26 28 30 22 33 29 43 59 56 37 23 42 31 48 44 54 39 25 45 33 39 39 26 27 34 21 35 31 28 29 36 20
1 0 0 0 0 9 0 0 0 0 0 0 0 0 0 0 0 0 0 0 0 0 0 0 0 0 0 0 0 0 0 0 0 0 0 0 0 0 0 0 0 0 0 0 0 0 5 0 0
0 0 0 0 0 0 0 0 0 0 0 0 0 0 0 14 28 33 28 0 0 12 45 48 43 20 0 0 8 37 45 38 30 24 0 0 17 22 14 18 0 0 11 32 20 14 21 28 10
0 0 1 10 14 7 0 21 0 11 0 0 0 0 0 0 1 0 0 0 0 0 0 14 11 14 0 0 0 0 1 18 35 20 0 0 0 0 0 0 0 0 5 0 0 0 0 0 0
1 21 19 4 0 0 0 0 0 0 0 0 0 0 0 15 7 0 0 0 0 11 14 7 0 0 0 0 1 0 0 0 0 0 0 0 0 0 0 0 0 0 0 0 0 0 0 0 0
0 0 0 0 0 0 0 0 0 0 0 0 0 0 6 6 0 0 0 0 0 9 0 0 0 0 0 0 0 0 0 0 0 0 0 0 0 0 0 0 0 0 1 0 9 11 16 0 0
0 0 0 0 0 0 0 24 28 0 0 0 0 14 15 39 34 14 6 23 23 0 13 28 21 0 24 23 0 0 12 0 17 17 0 0 0 0 4 7 0 0 0 13 15 35 15 8 5
20 0 4 6 0 0 0 0 0 0 0 1 0 6 7 0 4 0 0 0 0 6 0 0 0 0 0 0 0 0 0 0 0 0 1 0 0 0 0 0 0 0 0 0 0 0 0 0 0
11 17 10 16 17 26 11 38 39 45 29 27 53 34 28 40 45 42 36 57 27 28 30 37 20 17 37 26 32 33 34 14 0 9 9 34 34 24 27 18 33 31 19 15 12 0 6 17 0
17 25 20 21 22 26 20 30 36 20 21 26 39 33 18 20 24 19 11 28 29 24 22 22 9 0 7 20 22 15 11 12 19 30 29 21 16 6 19 33 38 20 26 26 19 25 22 20 20
16 7 0 0 15 32 23 22 0 0 0 0 25 21 7 0 0 0 0 0 7 0 0 0 0 0 0 4 1 0 5 0 0 0 11 4 5 0 5 0 0 6 13 11 4 12 10 9 12
46 43 27 21 30 42 36 19 27 20 0 6 21 13 21 34 21 18 34 43 13 8 9 30 68 71 62 16 4 0 16 41 30 22 0 12 7 25 26 24 19 17 17 12 16 5 4 10 0
0 0 0 0 0 0 0 0 4 10 15 0 0 0 0 6 10 4 0 4 0 0 6 0 0 0 0 0 5 19 0 0 0 0 0 0 23 20 17 29 18 5 0 10 7 12 14 19 11
0 0 0 0 0 0 0 0 18 8 0 4 16 19 0 11 0 1 0 34 4 0 4 0 4 0 20 0 0 0 0 0 0 11 0 1 0 0 0 0 10 0 0 0 0 0 0 0 0
15 22 16 7 8 11 17 6 0 0 0 0 0 0 0 0 0 0 0 0 4 0 0 0 10 9 7 11 6 0 0 0 7 0 0 6 0 10 0 0 0 12 11 10 19 0 5 0 4
0 0 0 0 0 0 0 0 0 0 0 0 0 0 0 0 0 0 0 0 0 0 0 0 0 0 0 0 0 0 0 0 0 0 0 0 0 0 0 0 0 0 0 0 0 0 0 0 6
0 0 0 20 0 0 0 0 0 0 14 0 0 0 0 0 0 4 9 0 0 0 0 0 23 5 0 0 0 0 5 13 5 0 0 0 0 9 14 12 0 6 0 0 0 0 0 0 0
5 0 0 0 0 0 0 13 0 4 0 0 0 0 14 0 0 0 0 0 0 6 1 0 0 0 0 0 0 0 0 0 0 0 7 5 0 0 0 0 0 0 17 15 5 0 9 4 17
0 0 0 0 0 0 0 0 0 0 6 0 0 0 0 0 0 1 13 0 0 0 0 18 9 0 0 0 0 5 14 17 10 0 0 0 0 0 0 6 0 0 0 0 0 0 0 0 0
0 0 0 0 0 5 1 13 0 0 0 0 11 9 4 0 0 0 0 16 12 1 0 0 0 0 0 0 0 0 0 0 0 0 0 4 0 0 0 0 0 0 7 8 6 16 10 17 6
0 0 0 0 0 0 0 0 0 0 0 0 0 0 5 20 15 5 0 0 0 8 20 13 7 21 0 0 0 0 1 0 0 0 0 0 0 0 0 0 0 0 0 0 0 0 0 0 0
0 0 0 0 0 0 0 0 0 16 13 0 0 0 0 0 6 12 7 5 0 0 1 4 11 0 1 7 0 11 22 13 0 0 9 0 11 16 16 0 0 0 11 22 33 17 18 7 1
17 17 13 0 0 1 0 32 34 21 8 0 30 29 38 44 34 14 18 8 18 20 20 20 24 19 18 20 15 15 10 14 4 8 16 15 23 29 20 29 40 38 16 17 23 19 18 18 17
0 0 0 0 0 0 0 9 0 12 0 0 0 4 11 12 17 19 9 8 13 10 21 34 51 46 14 15 11 17 17 20 0 0 10 24 13 16 35 27 16 23 5 0 0 6 0 0 4
0 0 0 0 0 0 0 0 8 5 1 0 0 0 0 0 11 7 0 0 0 8 7 16 0 0 4 0 10 8 10 0 0 0 0 17 19 14 10 4 0 10 15 21 19 25 21 9 10
14 0 0 0 0 8 26 8 0 0 0 0 11 30 8 5 0 8 17 20 21 14 5 21 38 49 35 24 14 13 34 42 54 40 14 26 20 25 39 37 15 10 18 18 18 16 19 7 21
0 0 0 0 0 0 0 15 13 0 0 0 0 0 29 25 1 0 0 0 12 32 30 15 0 0 0 14 27 26 11 0 0 8 16 20 14 0 0 0 5 5 17 9 0 0 0 0 0
22 20 5 15 22 30 20 0 0 0 0 0 10 0 0 0 0 6 0 0 0 1 22 24 6 0 1 1 16 22 11 0 0 5 7 19 21 6 7 0 0 0 8 10 0 0 7 1 0
0 0 0 0 0 0 0 0 0 0 0 0 0 0 0 5 0 0 0 0 0 4 11 0 0 0 0 0 4 20 0 14 7 0 0 1 12 0 0 0 14 13 0 0 0 0 0 0 0
0 0 0 0 0 0 0 0 0 0 0 0 0 0 0 0 0 0 0 0 0 0 0 0 0 0 0 0 0 0 0 0 0 0 0 0 0 0 0 0 0 0 0 0 0 0 0 0 0
0 0 0 0 0 0 0 0 0 0 4 0 0 0 0 0 0 16 0 0 0 0 0 0 0 0 0 0 0 0 0 0 0 0 0 0 0 0 0 0 0 0 0 0 0 0 0 0 0
0 0 0 0 0 0 0 30 48 37 0 0 0 6 16 33 21 12 0 0 9 0 0 10 1 0 0 0 0 0 0 0 0 0 6 0 0 0 0 0 0 0 15 13 6 7 15 23 14
0 0 0 0 0 0 0 0 0 0 0 0 0 0 5 0 0 0 0 0 0 15 0 0 0 0 0 0 0 0 0 0 0 0 0 0 0 0 0 0 0 0 0 0 0 0 0 0 0
0 0 0 0 0 0 0 0 0 0 0 0 0 0 0 0 0 0 0 0 0 0 0 0 0 0 0 0 0 0 0 0 0 0 0 0 0 0 0 0 1 1 0 0 0 0 0 0 0
18 16 0 0 0 11 20 41 43 31 23 30 45 34 20 20 17 13 5 10 21 10 16 10 6 0 0 13 13 27 17 1 0 0 0 15 23 18 17 0 12 6 16 18 13 14 11 13 9
0 0 0 0 0 0 1 0 11 11 10 19 0 6 0 10 16 33 22 21 10 0 10 9 34 19 24 16 0 0 0 12 16 11 0 0 0 0 0 0 0 0 0 4 0 0 0 0 0
0 0 0 0 0 0 0 0 13 8 0 4 0 17 0 4 0 0 0 5 0 0 0 0 0 0 0 0 0 5 0 0 0 0 4 1 5 0 9 5 18 0 0 15 0 0 0 0 0
0 15 21 9 0 0 0 9 28 16 7 0 0 0 27 26 12 4 14 1 0 21 19 18 34 13 9 0 13 20 23 22 11 18 0 0 0 6 17 11 13 0 0 0 0 6 7 8 1
0 0 0 0 0 0 0 0 0 0 0 0 0 0 0 0 0 0 0 0 0 12 0 0 0 0 0 0 5 0 4 0 0 0 0 0 0 0 0 0 0 0 4 4 0 0 4 10 11
0 0 0 0 0 0 0 0 0 0 0 0 0 0 0 8 11 0 0 0 0 4 8 17 0 0 0 0 15 16 6 0 0 0 0 18 5 0 0 0 0 0 1 0 0 0 7 0 0
0 0 0 5 11 5 0 0 0 0 4 0 0 0 0 1 4 7 5 0 0 0 0 0 0 0 0 0 0 0 0 0 0 0 0 0 0 0 0 0 0 0 0 0 0 0 0 0 0
0 0 0 0 1 8 0 0 0 0 0 0 6 0 0 0 0 0 0 0 0 0 0 0 0 0 0 0 0 0 0 0 0 0 0 0 0 0 0 0 0 0 8 0 0 0 0 0 0
4 4 0 0 9 6 8 0 5 18 9 19 8 0 0 12 15 10 26 24 7 1 14 10 0 15 8 1 0 1 0 0 0 0 0 8 12 9 0 0 0 0 0 13 14 22 8 0 0
0 0 0 0 0 0 0 0 0 0 0 0 0 0 0 6 8 0 0 0 0 6 12 9 0 0 0 0 10 14 17 0 0 0 0 0 11 7 0 0 0 0 0 0 7 7 0 0 0
0 0 0 0 0 0 0 0 0 0 0 0 0 0 0 0 0 0 0 0 0 0 0 0 0 0 0 0 0 0 0 0 0 0 0 0 0 0 0 1 0 0 0 0 1 9 7 0 0
20 23 0 0 0 16 14 64 38 30 34 0 33 36 38 24 39 46 38 27 21 29 36 51 50 39 36 27 47 35 32 29 23 26 5 42 27 14 25 42 29 18 40 24 12 11 36 45 20
0 0 0 0 0 0 0 0 0 0 0 0 0 0 0 0 14 8 0 0 0 0 0 0 0 0 0 0 0 0 0 0 0 0 0 0 0 0 0 0 0 0 0 0 0 0 0 0 0
0 0 0 0 0 0 0 0 17 0 0 0 0 0 0 10 0 0 5 0 5 0 11 0 0 0 0 1 0 0 0 0 0 0 0 0 0 0 0 0 0 1 0 0 9 10 17 16 20
0 52 6 18 4 0 19 0 16 0 0 0 0 0 0 0 0 0 0 0 0 0 0 0 0 0 0 0 0 0 0 0 1 0 0 0 6 0 9 0 0 0 0 14 0 10 0 0 0
0 4 6 8 0 0 0 0 0 0 0 0 0 0 0 0 0 7 0 0 0 0 0 0 8 0 0 0 0 0 0 0 0 0 0 0 0 0 0 0 0 0 0 0 4 1 0 0 0
0 0 0 0 0 0 0 0 0 0 0 0 0 0 0 0 0 0 0 0 0 0 0 0 0 7 0 0 0 0 0 14 0 0 0 0 0 0 0 0 0 0 0 0 0 0 0 16 0
0 0 0 0 6 0 0 0 0 0 0 0 0 0 0 20 33 22 17 0 0 4 18 25 15 14 5 0 0 8 10 0 0 1 0 0 0 12 10 5 4 0 4 17 18 15 6 9 0
0 0 0 1 0 0 0 0 0 0 0 0 0 0 14 0 0 0 0 5 0 0 0 0 0 0 0 0 0 0 0 0 0 0 0 0 0 0 0 0 0 0 0 0 0 0 0 0 0
0 0 0 0 0 0 0 6 15 7 0 0 0 0 0 11 5 4 0 0 0 0 12 10 0 0 0 0 0 0 0 0 0 0 0 0 0 0 0 0 0 0 0 0 0 0 0 0 0
0 0 0 0 0 0 0 0 0 0 0 0 0 0 0 0 0 0 0 0 0 0 0 0 0 0 0 0 0 0 0 0 0 0 0 0 0 0 0 0 0 0 0 0 0 0 0 0 0
0 0 0 0 0 0 0 0 0 0 0 0 0 0 0 0 0 0 0 0 0 0 0 0 0 0 0 0 0 0 0 0 0 0 0 0 0 0 0 0 0 0 0 0 0 0 0 0 0
0 0 0 0 0 0 0 0 0 0 0 0 0 0 0 0 0 0 0 0 0 0 0 0 0 0 0 0 0 0 0 0 0 0 0 0 0 0 0 0 0 0 0 0 0 0 0 0 0
19 0 0 0 0 0 0 12 0 0 0 0 0 0 6 0 11 1 0 0 0 0 0 15 0 0 0 0 0 0 22 0 0 0 0 0 0 0 0 0 0 0 9 0 0 9 0 0 0
19 0 0 0 0 0 4 0 0 0 0 0 0 0 0 10 14 4 0 0 0 0 10 4 0 0 0 0 11 22 0 0 0 0 0 15 12 0 0 0 0 0 14 0 0 0 0 0 0
8 5 0 0 0 0 0 8 0 0 0 0 0 0 0 6 0 0 0 0 0 0 0 0 0 0 0 0 0 0 0 0 0 0 6 0 1 0 9 8 7 0 1 10 15 25 18 15 0
34 21 0 5 16 37 35 34 13 8 15 24 38 30 17 18 9 0 5 6 18 6 9 15 6 0 0 0 0 0 25 23 19 1 0 13 1 4 18 16 0 0 21 0 0 15 18 13 7
0 5 5 0 9 1 0 5 0 0 0 14 16 8 0 0 0 0 1 0 0 0 0 0 0 0 0 0 0 0 0 0 0 4 0 0 0 0 9 15 7 5 1 0 0 1 0 8 0
0 8 1 0 0 0 0 0 20 0 0 0 0 0 0 21 11 0 0 0 0 0 4 0 0 0 0 0 0 0 8 0 0 0 0 0 1 0 0 0 0 0 0 0 9 8 17 15 7
13 6 14 27 21 7 0 37 57 43 29 40 56 36 43 54 44 29 16 48 34 48 42 40 32 10 37 20 32 29 35 44 26 31 12 27 21 34 30 38 31 13 15 25 17 7 7 0 0
20 27 16 18 18 40 28 4 13 18 16 0 15 4 4 10 12 4 0 1 1 15 19 5 0 1 16 0 19 20 0 0 0 8 0 27 33 19 24 20 21 0 23 34 20 14 14 19 14
43 52 26 36 43 49 33 0 6 14 26 16 8 4 0 0 32 27 22 15 17 0 0 6 0 0 0 8 0 0 0 0 11 22 17 17 12 0 0 0 17 23 0 0 0 0 0 8 0
47 28 32 31 39 55 25 4 0 11 9 32 38 9 0 1 18 19 16 40 24 0 14 17 0 0 8 5 8 13 15 17 11 12 10 18 4 17 15 0 0 0 17 7 7 0 0 17 7
0 0 0 0 0 0 0 0 0 0 0 0 0 0 0 0 0 0 0 0 0 0 0 0 0 0 0 0 0 0 0 0 6 0 1 0 0 0 0 0 0 0 0 0 1 0 0 0 0
47 18 19 28 37 49 42 26 21 16 21 36 53 35 19 14 20 34 46 48 32 21 5 21 45 47 53 33 35 6 18 33 46 53 22 44 16 7 20 19 31 16 26 15 4 0 5 16 0
0 0 0 0 0 0 0 0 0 0 0 0 5 0 0 6 15 26 34 30 0 8 12 30 28 33 40 17 10 12 29 31 19 30 6 0 7 14 30 25 28 0 0 7 14 17 15 12 0
0 0 0 0 0 0 0 0 0 0 0 0 0 0 0 14 4 0 0 0 0 0 0 0 0 0 0 0 0 0 0 0 0 0 0 0 0 0 0 0 0 0 0 0 9 15 8 1 0
36 49 22 11 20 40 20 36 22 4 1 18 26 25 25 17 29 25 30 30 14 21 22 33 28 12 12 10 13 13 25 37 25 28 17 27 32 8 37 37 32 16 18 19 0 0 10 17 0
0 0 0 0 0 0 0 0 0 1 0 0 0 0 0 0 1 0 0 0 0 0 0 0 0 0 0 0 0 0 6 0 0 0 0 0 0 0 0 0 0 1 0 8 9 16 15 0 7
0 0 0 0 0 0 0 0 8 12 1 0 1 1 9 5 7 0 0 0 0 4 0 0 0 0 0 0 11 0 0 0 0 0 0 10 0 0 0 0 0 0 11 12 0 7 6 0 0
0 0 0 0 0 0 16 9 10 5 0 19 8 9 0 11 15 25 28 9 0 0 8 14 0 16 0 0 0 0 8 0 0 0 0 0 0 0 0 0 0 0 0 0 0 5 25 13 0
0 0 5 5 0 0 0 13 25 25 19 23 21 0 8 18 23 27 14 21 0 0 12 24 17 8 4 0 6 9 20 8 0 0 0 0 5 20 31 19 16 0 12 21 20 32 25 30 14
0 8 15 25 11 23 29 0 0 0 1 7 9 8 0 0 0 0 12 8 14 0 0 0 0 16 9 7 0 4 0 0 19 12 8 25 29 27 31 40 45 34 1 1 0 8 18 5 12
5 22 16 10 13 28 4 0 0 0 0 0 0 0 0 0 10 0 1 14 0 0 4 0 11 12 23 4 0 0 0 33 20 26 17 0 4 5 14 13 9 7 0 10 11 5 4 0 0
27 31 10 0 14 31 30 16 19 0 0 0 9 26 16 17 5 0 0 0 17 9 8 10 4 14 15 14 9 15 16 8 8 30 23 15 25 14 7 20 35 30 10 0 8 11 18 14 11
1 4 0 0 0 0 0 0 0 0 0 0 0 0 0 0 0 0 0 0 0 0 0 0 0 0 0 0 0 0 0 0 0 0 0 0 0 0 0 0 0 0 0 0 0 0 0 0 0
0 0 0 0 0 0 0 0 0 0 0 0 0 0 0 0 0 0 0 0 0 0 0 0 0 0 0 0 0 0 0 0 0 0 0 0 0 0 0 0 0 0 0 0 0 0 0 0 0
0 0 0 0 5 17 0 0 0 0 0 0 15 0 0 0 0 1 0 9 0 0 0 0 6 0 7 0 0 0 0 0 0 0 0 0 0 0 0 0 0 0 0 0 0 0 0 1 6
0 12 5 0 6 15 1 0 6 4 0 0 0 0 0 18 16 0 0 0 0 1 13 5 0 0 0 0 5 14 0 0 0 0 0 0 14 1 8 0 0 0 0 0 0 0 9 0 0
53 0 0 0 0 18 33 24 0 0 0 0 7 6 4 0 0 0 0 10 5 0 0 0 0 0 0 0 0 0 0 0 0 0 0 0 0 0 0 0 0 0 51 23 0 0 0 20 37
8 11 6 9 6 4 13 12 4 7 0 0 0 0 15 24 21 7 0 0 0 24 27 15 0 0 0 6 12 15 0 0 0 0 4 5 0 0 0 0 0 0 9 5 0 0 17 7 19
0 0 0 0 0 0 0 0 0 0 0 0 0 0 0 0 0 0 0 0 0 0 0 0 0 0 0 0 0 0 0 0 0 0 0 0 0 0 0 0 0 0 0 0 0 0 0 0 0
5 29 23 26 20 9 6 0 23 25 6 0 0 0 9 19 27 33 26 0 5 18 22 24 15 0 0 8 13 16 16 14 0 9 20 0 14 19 14 21 13 20 11 28 19 20 18 13 17
20 9 10 9 16 21 9 4 0 0 0 0 1 0 0 0 0 0 0 0 0 12 0 0 16 5 8 4 18 0 11 20 6 5 0 19 7 10 12 0 0 0 16 16 15 9 0 0 6
0 0 0 0 4 0 0 0 0 0 0 0 0 0 0 0 0 0 0 0 0 0 0 9 18 0 0 0 0 0 15 21 5 0 0 0 0 0 0 0 0 0 0 0 0 0 0 0 4
0 0 0 0 1 0 0 0 0 0 0 0 0 0 0 0 0 0 0 5 0 0 0 5 8 0 8 0 0 8 14 13 10 0 0 0 4 4 4 0 0 0 0 8 19 10 8 7 0
0 0 0 0 0 0 0 0 0 0 0 0 0 0 0 0 0 0 0 0 0 0 0 0 0 0 0 0 0 0 0 0 0 0 0 0 0 0 0 0 0 0 0 0 0 0 0 0 0
0 0 0 0 0 0 0 0 0 0 0 0 0 0 0 0 0 0 0 0 0 0 0 0 0 0 0 0 0 0 0 0 0 0 0 0 0 0 0 0 0 0 0 0 0 0 0 0 0
0 0 0 0 0 0 0 0 0 0 0 0 0 0 0 0 0 9 0 0 0 0 0 0 0 0 0 0 0 0 0 0 0 0 0 0 0 0 0 0 0 0 0 0 0 0 0 0 0
15 0 10 0 0 0 13 40 0 5 0 13 13 28 7 0 0 0 0 0 10 0 0 0 0 0 0 4 0 0 0 0 0 0 7 18 9 0 0 0 0 8 24 0 0 0 0 0 0
16 17 27 26 21 0 0 5 33 18 38 32 23 0 7 14 0 0 0 0 0 1 0 0 0 0 0 0 0 0 16 7 5 19 0 0 0 8 22 7 25 1 0 0 0 0 5 16 1
0 0 0 0 0 0 0 0 0 6 0 0 0 0 6 12 36 9 0 0 0 0 9 5 0 0 0 0 0 8 0 0 0 0 0 0 11 23 4 12 0 0 0 0 25 23 4 0 0
0 0 0 0 0 0 0 4 0 0 0 0 0 11 0 0 0 0 0 0 0 0 0 0 0 0 0 0 0 0 0 0 0 0 0 0 0 0 0 0 0 0 0 0 0 0 0 0 0
0 0 0 0 0 0 0 0 0 0 0 0 0 0 18 11 0 0 0 0 0 11 0 0 0 0 0 0 0 0 0 0 0 0 0 0 0 0 0 0 0 0 0 0 0 0 0 0 0
0 0 0 0 0 0 0 0 0 0 0 0 0 0 0 0 0 0 0 0 0 0 1 0 0 0 15 11 1 0 0 0 0 9 0 0 0 0 0 0 0 0 0 0 0 10 0 0 7
0 0 0 0 0 0 0 0 0 0 0 0 0 0 0 0 0 0 0 0 0 0 0 11 23 0 0 0 0 0 18 21 0 6 0 0 0 13 18 0 0 0 0 0 1 0 0 0 0
30 31 1 7 19 51 37 11 16 0 4 7 45 24 0 7 4 1 9 36 25 10 21 14 0 15 29 16 28 34 17 7 8 28 0 44 42 14 10 7 36 10 20 23 7 0 0 8 0
22 27 33 19 16 18 26 0 5 17 16 16 6 8 14 25 26 32 8 10 5 8 26 24 12 1 0 5 6 8 20 17 12 0 0 0 0 9 12 11 0 0 0 0 0 0 1 10 4
14 16 0 0 0 12 40 11 0 0 0 0 14 38 0 0 0 0 0 0 26 0 0 0 0 0 0 21 0 0 0 0 0 0 24 0 0 6 0 0 0 14 6 10 9 7 0 6 8
0 0 0 0 0 0 0 0 0 0 0 0 0 0 0 0 0 0 0 0 0 0 0 0 0 0 0 0 0 0 0 0 0 0 0 0 0 0 0 0 0 0 0 0 0 0 0 0 0
0 0 0 0 15 4 0 0 0 0 0 11 1 0 0 0 9 8 10 21 0 0 0 23 15 11 8 0 0 4 10 8 13 5 0 0 0 0 0 0 7 0 0 0 0 0 0 0 0
9 0 0 0 0 0 0 32 30 29 31 38 31 40 0 5 5 38 31 26 29 12 16 21 30 19 12 20 7 9 10 19 28 12 11 0 0 4 0 0 0 1 16 22 15 23 18 19 26
0 4 0 0 0 0 0 0 0 0 0 0 0 0 0 0 0 0 0 0 0 0 0 0 0 0 0 0 0 0 0 0 0 0 0 0 0 0 0 0 0 0 0 0 0 0 0 0 0
4 0 0 0 0 0 0 0 0 12 0 0 0 0 11 22 12 0 15 0 0 7 13 1 17 42 18 6 0 0 0 14 35 9 0 0 0 0 0 0 0 0 0 0 0 0 0 0 0
0 9 0 1 12 16 0 0 0 0 0 0 8 0 0 0 4 17 0 4 4 5 0 7 29 1 0 0 12 13 20 22 18 14 8 10 11 9 15 19 29 12 0 0 0 0 0 0 0
7 12 9 16 11 9 15 9 13 8 7 10 0 20 6 0 0 0 0 0 5 7 0 4 0 0 0 0 5 8 15 0 0 0 0 12 8 4 0 0 0 0 16 16 8 0 6 0 13
13 4 0 0 4 0 9 0 8 0 0 0 0 0 0 0 0 0 0 4 12 0 1 0 0 0 0 0 0 0 0 0 0 0 0 0 0 0 0 0 0 0 17 13 7 0 0 9 0
15 16 5 11 25 51 19 11 24 20 7 14 33 14 17 19 9 0 1 28 7 9 16 10 1 7 35 8 14 25 10 10 5 28 5 25 39 11 10 0 22 0 19 31 17 7 10 16 0
0 17 4 0 0 0 0 19 7 0 0 0 5 6 12 18 0 0 0 0 0 0 4 0 0 0 0 0 0 7 0 6 9 7 1 0 14 0 0 11 7 0 0 0 9 5 0 0 0
1 4 0 0 11 9 0 0 0 0 0 0 18 0 0 0 0 0 0 0 5 0 0 0 0 0 0 0 0 0 0 0 0 0 0 0 0 0 0 0 0 0 0 0 0 0 0 0 0
0 0 0 0 0 0 6 0 6 0 0 0 0 0 0 4 0 0 17 0 0 1 9 22 26 32 12 4 0 0 13 23 19 0 0 0 0 0 0 0 0 10 0 4 5 0 4 0 16
16 31 17 10 0 0 12 0 9 6 4 0 0 0 6 6 10 0 0 0 0 0 4 0 0 0 0 0 0 0 0 0 0 0 0 0 0 0 0 0 0 0 0 0 0 0 0 0 0
0 0 0 0 0 0 0 0 4 0 0 11 8 0 0 0 8 7 0 14 0 0 0 1 4 0 0 0 0 0 1 0 0 1 0 0 0 0 0 0 0 0 0 4 4 0 10 19 8
0 13 0 0 0 0 0 0 0 0 0 0 0 0 0 0 0 0 0 0 0 0 0 0 0 0 0 0 4 0 0 0 0 0 0 13 11 0 0 0 0 0 6 13 0 0 1 0 0
0 0 0 0 0 0 0 0 0 0 0 0 0 0 0 0 0 0 0 0 0 0 0 0 0 0 0 0 0 0 0 0 4 0 4 0 0 0 0 0 0 0 0 0 0 0 0 0 0
12 6 19 23 23 19 9 7 6 0 5 4 0 6 0 0 0 0 13 9 0 5 14 7 17 35 33 14 14 15 0 20 31 27 13 18 23 20 31 41 29 29 11 15 22 21 21 7 13
0 0 0 11 8 0 0 0 0 0 0 6 0 0 1 0 0 15 5 0 0 0 1 5 24 14 0 0 0 0 0 0 0 0 0 0 0 12 0 0 20 9 0 0 0 0 0 0 0
0 0 0 0 0 0 0 0 0 0 0 0 0 0 0 0 0 0 0 0 0 0 0 6 10 5 0 0 0 0 0 0 1 0 0 0 0 0 0 0 0 0 0 0 0 0 0 0 0
0 0 1 0 8 0 0 12 5 17 7 13 27 14 12 0 10 13 12 22 6 6 0 7 0 0 1 0 6 9 9 0 0 7 8 4 11 10 0 0 10 0 0 0 0 0 0 0 0
0 0 0 0 0 0 0 0 0 0 0 0 0 0 0 0 0 0 0 0 0 0 0 0 0 0 0 0 0 0 0 0 0 0 0 0 0 0 0 0 0 0 0 0 0 0 0 0 0
26 31 20 7 13 37 26 42 52 36 16 29 75 29 34 34 28 35 42 74 19 31 34 22 44 53 80 32 31 31 22 21 19 36 17 38 37 30 23 8 24 15 26 34 19 17 28 55 32
0 0 0 0 0 0 0 0 13 0 0 0 0 1 0 0 0 0 5 0 0 0 0 0 0 29 12 7 0 0 0 0 0 0 0 0 0 0 0 0 0 0 0 4 0 0 0 0 0
0 0 0 0 0 0 5 0 0 1 6 0 0 8 0 0 0 0 0 0 0 0 0 0 0 0 0 5 0 0 0 0 0 0 0 0 0 0 0 0 0 0 15 0 0 0 8 0 0
28 8 11 9 23 16 10 8 7 16 14 15 8 7 0 5 8 0 0 0 0 8 15 4 0 0 0 5 10 15 18 0 0 0 11 0 0 0 0 0 0 14 7 0 0 0 0 17 14
10 9 12 6 1 6 6 4 22 4 1 0 0 0 5 28 16 11 24 6 0 0 6 0 8 18 0 0 0 0 0 6 0 0 0 0 0 0 0 0 0 0 0 0 0 0 0 1 0
0 0 0 0 4 4 0 0 5 0 0 0 0 0 0 0 0 0 0 0 0 0 0 0 0 0 0 0 0 0 0 0 0 0 0 0 0 1 0 0 21 0 0 0 0 0 0 12 0
0 0 0 0 0 0 0 0 0 0 0 0 0 0 0 0 0 0 0 0 0 0 0 0 0 4 0 0 0 0 0 4 16 0 0 0 0 0 4 34 0 0 0 0 0 5 19 0 0
0 0 0 0 0 0 0 0 0 0 0 0 0 0 0 0 0 0 0 0 0 0 4 5 0 0 0 0 0 5 11 16 0 0 0 0 13 13 6 0 0 0 4 10 17 8 8 5 5
0 0 0 0 0 0 0 0 0 0 0 0 0 0 0 0 0 0 0 0 0 0 0 0 0 0 0 0 0 0 0 0 0 0 0 0 0 0 0 0 0 0 0 0 0 0 0 0 0
0 1 0 1 0 0 0 0 0 0 5 0 0 0 0 5 5 0 0 0 0 0 13 0 0 0 0 0 11 21 0 11 0 0 0 0 0 0 0 0 0 0 0 0 0 0 5 0 0
0 0 0 0 0 0 0 0 0 0 0 0 0 0 0 0 0 0 1 0 0 0 0 0 0 0 0 0 0 0 0 0 0 0 0 0 0 0 0 0 0 0 0 0 0 0 0 0 0
0 0 0 0 0 0 0 0 0 0 0 0 0 0 0 0 0 0 0 0 0 0 0 0 0 0 0 0 0 0 0 0 0 0 0 0 0 0 0 0 0 0 0 0 0 0 0 0 0
4 16 8 10 18 25 18 4 28 17 0 11 6 11 0 32 10 0 11 28 23 9 14 10 5 22 25 7 12 8 9 9 22 19 5 6 0 0 7 9 11 0 16 36 13 15 12 16 0
0 0 0 0 0 0 0 0 0 0 0 0 0 0 0 0 0 0 0 0 0 0 0 0 0 0 0 0 1 0 0 0 0 0 0 0 0 0 0 0 0 0 0 0 0 0 0 0 0
0 0 0 0 0 0 0 0 0 0 0 0 0 0 0 0 0 8 0 0 0 12 8 6 7 0 0 0 19 27 0 0 0 0 0 16 24 5 0 0 0 0 0 0 0 0 0 0 0
0 11 12 20 22 1 0 0 0 0 0 0 0 0 0 0 0 0 0 0 0 0 0 0 0 0 0 0 0 0 0 17 8 0 0 0 0 4 17 13 11 0 0 0 0 0 0 0 0
0 0 0 0 0 0 0 0 0 0 0 0 0 0 0 0 0 0 0 0 0 0 0 6 13 0 0 0 0 0 7 0 1 0 0 0 0 0 0 0 0 0 0 6 14 0 6 7 0
0 0 0 0 0 0 0 0 0 0 0 0 0 0 0 0 0 0 0 0 0 0 0 0 0 0 0 0 0 0 0 0 0 0 0 0 6 13 12 4 0 0 19 26 31 33 34 27 28
35 0 0 0 0 0 0 59 6 7 32 36 30 10 33 15 0 21 13 7 0 25 9 15 26 0 0 0 15 0 0 43 30 9 0 9 0 0 9 29 28 0 44 7 14 13 17 38 8
0 31 21 41 28 0 0 0 10 16 43 41 27 8 9 0 10 14 33 23 4 0 0 0 0 12 20 7 0 0 1 0 0 24 13 0 6 0 0 0 8 17 0 0 0 11 12 12 0
0 0 0 0 0 0 0 0 0 0 0 0 5 0 0 0 0 0 0 0 0 0 0 0 0 0 0 0 0 0 0 0 0 0 0 0 0 0 0 0 0 0 0 0 0 0 0 0 0
0 0 0 0 0 0 0 0 0 0 0 0 0 0 0 0 0 0 0 0 0 0 0 0 0 0 0 0 0 0 0 0 0 0 0 0 0 0 0 0 0 0 0 0 0 0 0 0 0
0 0 0 0 0 0 0 0 0 0 0 0 0 0 0 0 0 0 0 0 0 0 0 0 6 0 0 0 8 0 0 0 0 0 0 7 0 0 0 0 0 0 5 0 0 0 0 0 0
0 0 0 0 0 0 0 0 0 0 0 0 0 0 0 0 0 0 0 0 0 0 0 0 0 0 0 0 0 0 0 8 0 0 0 0 0 0 5 9 0 4 0 0 0 0 0 0 0
0 0 0 0 0 0 0 0 0 0 0 0 0 0 0 0 0 0 0 0 0 0 0 0 0 0 0 0 0 0 0 0 0 0 0 0 6 0 0 0 0 0 0 0 0 0 0 0 0
4 0 0 0 0 0 7 0 0 0 0 0 0 8 7 9 10 0 0 0 0 10 11 9 0 0 0 0 15 22 18 0 0 0 0 16 21 15 0 0 0 17 4 17 20 15 4 0 8
7 0 0 0 0 0 0 14 17 0 0 0 0 8 15 6 0 0 0 0 0 0 0 0 0 0 0 0 0 0 0 0 0 0 0 8 0 0 0 13 20 18 0 0 0 0 0 0 0
0 0 0 0 0 0 0 0 0 0 0 0 0 0 0 0 0 0 0 0 0 1 0 0 0 0 0 0 12 8 0 0 0 0 0 0 4 12 0 0 0 0 0 0 7 7 14 12 5
0 0 0 0 0 0 0 0 0 0 0 0 0 0 0 0 0 0 0 0 0 0 0 5 4 9 16 1 0 9 7 6 18 17 0 0 11 4 1 8 0 0 15 17 10 5 18 10 0
0 12 8 0 0 0 0 0 9 0 0 0 0 0 0 15 8 0 0 0 0 0 4 0 0 0 0 0 1 10 5 0 0 0 0 0 4 1 0 0 0 0 0 0 0 0 0 0 0
81 35 20 0 20 56 72 68 42 28 26 47 66 71 30 24 17 26 41 33 52 19 15 18 23 40 24 32 13 8 21 20 61 31 29 32 18 46 18 20 16 25 44 25 23 22 7 22 38
0 0 0 0 0 0 0 0 0 0 0 0 0 0 0 0 0 0 0 0 0 0 0 0 0 0 0 0 0 0 0 0 4 0 0 0 0 0 0 7 0 0 0 0 0 0 0 0 0
0 0 0 0 0 0 0 13 17 0 0 0 7 0 19 7 5 0 26 16 0 28 14 0 18 16 17 0 16 18 8 0 0 0 0 0 11 10 0 0 0 0 5 12 12 8 0 0 0
24 15 10 17 23 14 10 14 4 0 9 21 27 13 5 0 0 7 11 17 0 0 0 0 12 0 0 0 7 5 0 1 0 5 11 11 10 0 0 7 13 10 0 5 0 4 6 7 5
22 39 38 52 48 41 7 18 19 19 27 24 34 4 21 23 18 33 21 28 11 12 15 20 26 17 22 9 8 23 10 32 18 13 0 18 37 16 29 18 0 0 23 33 10 10 7 14 10
0 0 0 0 0 0 0 0 0 0 0 0 0 0 0 0 0 0 0 0 0 0 0 0 0 0 0 0 0 0 0 0 0 0 0 0 0 0 0 0 0 0 0 0 0 0 0 0 0
21 0 1 0 6 22 0 7 0 4 0 0 0 0 6 0 0 0 0 12 9 12 0 7 16 13 17 16 8 0 4 19 14 15 8 11 0 6 11 18 11 0 0 0 0 0 0 1 5
5 0 9 15 23 6 0 11 0 6 18 15 0 0 11 5 11 0 0 0 0 0 0 0 0 0 0 0 0 0 0 0 0 0 0 0 0 0 1 0 0 0 5 1 5 1 0 0 0
0 0 0 0 0 0 0 0 0 0 0 0 0 0 0 0 0 0 0 0 0 0 0 0 0 5 0 0 0 0 0 0 0 0 0 0 0 0 0 0 0 0 0 1 8 0 0 0 0
10 0 0 0 0 0 0 0 0 0 0 0 0 0 0 0 0 0 0 0 0 1 9 21 14 0 0 0 0 0 0 1 0 0 0 0 0 0 0 0 0 0 0 0 0 0 0 0 0
16 0 0 0 9 16 0 10 6 10 11 14 28 10 0 0 6 1 6 21 13 0 0 10 0 0 0 4 0 0 0 0 0 0 0 11 4 0 0 0 0 0 13 10 0 0 0 14 0
0 0 0 0 0 0 0 0 0 0 0 0 0 0 0 0 0 0 0 0 0 0 0 0 0 0 0 0 0 0 0 0 0 0 0 0 0 0 0 0 0 0 0 0 0 0 0 0 0
14 4 11 0 4 0 5 25 21 26 8 17 17 19 17 13 11 9 0 0 10 0 0 0 0 0 0 0 0 0 0 0 0 0 0 0 0 0 0 0 0 0 0 11 1 4 0 0 0
16 18 22 28 16 10 0 38 38 38 40 51 26 8 37 29 26 29 10 10 4 24 12 0 0 0 4 1 17 9 0 0 0 14 0 20 4 0 0 0 0 0 27 21 14 15 1 0 0
0 0 0 0 0 0 0 35 19 24 21 10 16 41 23 14 13 21 38 42 35 18 12 10 0 0 1 25 19 14 25 15 22 21 34 6 0 10 42 63 52 40 0 0 12 17 28 19 0
0 0 0 0 0 0 7 0 1 4 0 0 8 7 0 4 4 20 18 14 11 0 11 30 47 40 29 20 0 17 28 33 20 0 0 0 0 0 13 0 0 0 0 0 1 0 0 0 0
0 0 0 0 0 0 0 0 0 0 0 0 0 0 0 0 0 0 0 0 0 0 0 11 5 0 0 0 0 9 15 10 0 0 0 0 1 13 1 0 0 0 0 0 0 0 15 0 0
0 0 0 0 0 0 0 1 5 0 0 0 0 0 4 14 0 0 0 0 0 0 4 0 0 0 0 0 0 8 7 0 0 6 0 0 6 15 23 15 14 0 5 19 12 20 15 16 0
0 28 12 0 5 0 0 0 0 0 0 0 0 0 0 0 0 0 0 0 0 0 0 0 0 0 0 0 0 0 1 0 0 0 0 0 0 0 0 0 0 0 0 0 0 0 0 0 0
0 0 0 0 0 0 0 0 0 0 0 0 0 0 0 0 0 0 0 0 0 0 0 0 0 0 0 0 0 0 0 0 0 0 0 0 0 0 0 0 0 0 4 1 0 0 0 0 7
15 24 12 0 0 9 13 31 35 17 0 5 28 27 22 23 16 0 0 9 22 15 14 8 0 1 4 21 12 0 0 0 15 8 17 0 0 0 10 0 0 0 19 12 15 16 4 1 0
7 10 0 0 0 15 17 0 1 0 0 0 0 0 0 6 8 0 0 0 0 10 12 9 0 0 0 0 17 21 14 0 0 0 0 20 27 0 0 0 0 0 13 20 0 0 0 0 0
0 0 0 0 0 0 1 0 0 0 0 0 0 0 0 0 0 6 0 0 0 0 0 0 0 0 0 0 0 0 0 0 0 0 0 0 0 0 0 0 0 0 0 0 0 0 0 0 0
30 31 14 5 12 13 25 68 66 43 40 36 37 17 38 49 32 33 46 38 20 28 30 18 18 27 31 14 23 5 0 11 20 14 4 17 0 4 0 0 0 0 24 23 11 15 13 38 40
0 0 0 0 0 0 0 0 0 0 0 0 0 0 0 0 0 0 0 0 0 0 0 0 0 0 0 0 0 7 0 0 0 0 0 0 0 0 0 0 0 0 0 0 0 0 0 0 0
0 0 4 0 0 0 0 0 0 0 0 0 0 0 1 0 0 0 0 0 0 0 0 0 0 0 0 0 0 0 0 0 0 0 0 0 0 0 0 0 0 0 0 0 0 0 0 0 0
0 0 0 0 0 0 0 0 0 0 0 0 0 0 0 0 0 5 0 0 0 0 0 1 0 0 0 0 0 0 0 0 0 0 0 0 0 0 0 0 0 0 0 4 1 0 0 0 0
0 0 0 0 0 0 0 0 0 0 0 0 0 0 0 0 0 0 0 0 0 0 0 0 0 0 0 0 0 0 0 0 0 0 0 0 0 0 0 0 0 0 0 0 0 0 0 0 0
37 34 31 30 51 62 39 36 34 30 35 52 81 42 16 20 18 36 61 63 33 10 11 27 64 71 66 39 11 14 31 67 64 73 48 30 33 35 60 62 70 43 13 13 0 6 23 38 11
0 0 0 0 0 4 1 0 0 0 0 0 0 0 0 0 0 0 0 0 0 0 0 0 0 0 0 0 5 0 0 0 0 0 0 9 18 0 0 0 0 0 12 16 5 5 0 19 8
0 0 0 0 0 0 0 0 0 0 0 0 0 0 17 26 17 0 0 0 0 16 34 16 0 0 0 6 0 16 0 0 0 0 0 0 0 0 0 0 0 0 0 0 0 0 0 0 7
46 0 15 22 33 38 7 0 0 0 6 17 0 0 0 0 6 8 0 0 0 0 0 18 37 14 0 0 0 0 21 27 1 0 0 8 0 0 0 0 0 0 0 0 0 0 0 0 0
0 0 0 0 0 0 0 0 0 0 0 0 0 0 0 0 0 0 0 0 0 0 0 0 0 0 0 0 0 0 0 0 0 0 0 0 0 0 0 0 0 0 0 0 0 0 0 0 0
6 0 0 0 0 6 10 0 0 0 0 0 0 0 7 0 0 0 0 0 0 22 15 0 11 6 0 0 25 10 0 0 0 0 0 16 1 5 0 0 0 0 0 0 6 7 18 7 1
0 9 20 14 12 0 5 0 0 10 0 0 0 0 0 14 20 15 19 4 1 4 9 12 22 40 22 0 0 0 13 33 51 35 0 0 0 0 17 26 0 0 0 0 0 4 14 9 5
0 7 0 0 10 4 12 36 35 18 19 36 47 39 14 15 14 21 7 29 32 4 16 7 7 0 14 24 5 12 7 11 11 0 14 11 21 0 0 23 22 29 16 31 17 4 9 17 19
16 30 31 31 37 27 0 26 43 36 33 28 31 0 37 28 15 8 15 21 0 24 17 17 7 0 0 5 8 28 35 22 13 13 15 14 40 36 39 29 34 15 13 37 26 39 29 30 9
22 14 0 0 0 7 6 14 0 0 0 0 0 8 9 0 0 0 0 0 15 22 11 0 0 0 0 0 19 9 0 0 0 0 5 9 0 0 0 0 0 0 20 13 5 11 10 1 0
0 0 0 0 0 0 0 0 0 0 0 0 0 0 4 0 0 0 0 0 0 9 8 0 0 0 0 0 0 0 0 0 0 0 0 0 0 0 0 0 0 0 0 0 0 0 0 0 0
4 18 20 16 20 17 5 0 20 12 14 13 7 0 0 10 14 15 11 15 12 0 4 9 1 0 12 14 0 0 1 0 0 0 0 0 5 0 0 0 0 0 0 10 0 0 0 0 0
0 0 0 0 0 0 0 0 0 4 0 0 0 0 0 1 0 0 0 0 0 0 1 1 1 0 0 0 4 0 0 1 0 17 0 0 0 0 0 0 0 0 7 5 1 0 0 13 5
0 0 0 0 0 0 0 0 0 0 0 0 0 0 0 0 0 0 0 9 15 0 0 0 0 0 10 7 0 0 9 0 0 9 1 0 0 0 0 0 0 0 0 0 0 0 0 0 0
40 50 39 30 35 30 34 50 54 40 16 36 58 46 33 32 36 35 44 42 24 23 24 17 19 29 35 31 28 24 27 30 54 38 28 33 32 24 32 41 37 31 29 40 28 20 21 33 26
