0 0 0 0 0 0 0 0 0 0 0 0 0 0 0 0 0 0 0 0 0 0 0 0 0 0 0 0 0 0 0 0 0 0 0 0 0 0 0 0 0 0 0 0 0 0 0 0 0
0 0 0 0 0 0 0 0 0 0 0 0 0 0 0 0 0 0 0 0 0 0 0 0 0 0 0 0 0 0 0 0 0 0 0 0 0 0 0 0 0 0 0 0 0 0 0 0 7
0 0 0 0 0 0 0 0 0 0 0 0 0 0 0 0 0 0 0 0 0 0 0 0 0 0 0 0 0 0 0 0 0 0 0 0 0 0 0 0 0 0 0 0 0 0 0 0 11
0 0 0 0 0 0 0 0 0 0 0 0 0 0 0 0 0 0 0 0 0 0 0 0 0 0 0 0 0 0 0 0 0 0 0 0 0 0 0 0 0 0 0 0 0 0 0 0 0
0 0 0 0 0 0 0 0 0 0 0 0 0 0 0 0 0 0 0 0 0 0 0 0 0 0 0 20 0 0 0 0 0 0 12 0 0 0 0 0 0 16 0 0 0 0 0 0 0
0 0 0 0 0 0 0 0 0 0 0 0 0 0 0 0 0 0 0 0 0 0 0 0 0 0 0 0 0 0 0 0 0 0 0 0 0 0 0 0 0 2 0 0 0 1 2 1 1
0 17 0 0 0 0 4 0 0 0 0 0 0 0 4 14 0 0 0 0 0 1 18 7 0 0 0 0 0 0 0 0 0 0 0 0 0 0 0 0 4 16 0 0 0 0 0 0 0
0 32 58 76 61 36 13 7 28 31 40 16 0 0 15 0 0 0 0 6 0 0 0 0 0 0 26 13 0 0 0 0 7 17 15 0 0 0 0 0 30 24 0 0 0 0 0 22 19
31 58 34 44 42 56 23 47 62 23 20 38 72 53 17 20 33 47 56 34 14 15 12 33 33 52 28 13 2 17 30 60 54 33 4 0 7 21 48 62 47 34 0 0 11 33 44 42 21
0 0 0 0 0 0 0 0 0 0 0 0 0 0 0 0 0 0 0 0 0 0 0 0 0 0 0 0 0 0 0 0 0 0 0 0 0 0 0 0 0 0 0 0 0 0 0 0 0
0 0 0 0 0 0 0 0 0 0 0 0 0 0 0 0 0 0 0 0 0 0 0 0 0 0 0 2 0 0 0 0 0 0 0 0 0 0 0 0 0 1 8 7 0 0 2 0 25
0 0 0 0 0 0 0 0 0 0 0 0 0 0 0 0 0 0 0 0 0 0 0 0 0 0 0 0 0 0 0 0 0 0 0 0 0 0 0 0 0 0 0 0 0 0 0 0 0
0 0 0 0 0 0 0 0 0 0 0 0 0 0 0 0 0 0 0 0 0 0 0 0 0 0 0 0 0 0 0 0 0 0 0 0 0 0 0 0 0 0 0 0 0 0 0 0 0
6 12 31 40 30 17 18 0 7 27 25 6 0 8 14 23 24 23 2 12 17 0 9 12 12 4 0 20 0 0 0 14 0 0 2 0 0 1 19 0 0 2 0 0 0 0 0 0 13
36 12 10 7 11 17 33 16 2 2 0 0 7 22 0 0 0 0 2 8 19 0 0 6 11 19 6 20 7 0 0 0 0 4 10 11 6 8 0 0 0 15 10 4 0 0 0 1 8
12 16 4 4 0 0 13 0 0 9 13 0 0 0 0 11 25 10 0 0 0 4 9 19 21 0 0 0 0 2 0 0 0 0 8 7 1 0 0 0 18 30 0 0 0 0 0 0 0
0 0 0 0 0 0 0 0 0 0 0 0 0 0 0 0 0 0 0 0 0 0 0 0 0 0 0 0 0 0 0 0 0 0 0 2 0 0 0 0 0 0 0 0 0 0 7 13 8
27 44 15 32 40 54 37 11 32 0 16 20 45 39 6 16 0 0 0 8 23 0 0 0 0 0 0 11 0 0 0 0 0 0 0 0 0 0 0 0 0 6 0 0 0 0 0 0 0
0 0 0 0 0 0 0 0 0 0 0 0 0 0 0 0 0 0 0 0 0 0 0 0 0 0 0 0 0 0 0 0 0 0 0 0 0 0 0 0 0 0 0 0 0 0 0 0 0
34 9 0 0 0 13 24 16 0 0 8 4 0 19 6 0 17 23 17 11 16 0 0 28 41 35 26 21 1 4 16 39 20 17 24 0 0 0 6 13 22 27 0 0 8 17 19 20 20
0 0 0 0 0 0 0 0 0 0 0 0 0 0 0 0 0 0 0 0 0 0 0 0 0 0 0 0 0 0 0 0 0 0 0 0 0 0 0 0 0 0 0 0 0 0 0 0 0
0 0 0 0 0 0 4 0 0 0 0 0 0 0 0 0 0 0 0 0 0 0 0 0 0 0 0 0 0 0 0 0 0 0 0 0 0 0 0 0 10 21 0 0 0 0 0 0 0
0 0 0 0 0 4 23 0 0 0 0 0 0 20 0 0 0 0 0 0 8 0 0 0 0 0 0 0 20 2 0 0 0 0 9 14 0 0 0 0 0 19 29 34 24 15 23 37 46
36 37 0 0 0 27 33 6 0 0 0 0 0 4 0 0 0 0 0 0 0 0 0 0 0 0 0 0 6 0 0 0 0 13 15 16 0 0 0 6 35 27 30 20 2 0 18 34 24
0 0 0 0 0 0 0 0 0 0 0 0 0 0 0 0 0 0 0 0 0 0 0 0 0 0 0 0 0 0 0 0 0 0 0 0 0 0 0 0 0 0 0 0 0 0 0 0 0
46 61 32 31 41 65 53 11 38 20 8 18 24 39 26 42 37 31 53 46 43 30 35 23 14 38 27 24 38 27 8 0 0 15 15 43 35 6 0 20 57 44 16 33 27 22 31 29 30
12 29 8 7 22 13 14 25 27 22 17 50 24 36 33 47 54 60 67 31 25 29 44 69 65 80 44 30 51 70 78 55 73 36 31 22 49 68 65 58 47 31 16 38 39 33 19 19 14
0 0 0 0 0 0 19 0 0 0 0 0 0 19 0 0 0 0 0 0 0 0 0 0 0 0 0 0 0 0 0 0 0 0 0 0 0 0 0 0 0 0 0 12 0 0 0 0 12
22 34 6 0 6 14 21 25 30 4 0 1 15 12 22 25 0 13 0 0 0 17 16 0 0 0 0 0 4 13 0 0 0 0 0 0 0 0 0 0 4 1 7 8 0 0 0 7 9
0 0 0 0 0 0 1 0 0 0 0 0 2 21 0 0 0 0 0 0 17 0 0 0 0 0 0 19 0 0 0 0 0 0 12 1 13 28 4 7 0 10 14 27 30 16 8 11 9
0 0 0 0 0 0 0 0 0 0 0 0 0 0 0 0 0 0 0 0 0 0 0 0 0 0 0 0 0 0 0 0 0 0 0 0 0 0 0 0 0 0 0 0 0 0 0 0 0
29 14 10 13 11 19 21 21 18 10 10 2 9 19 0 0 0 17 7 10 9 0 10 22 36 25 20 12 18 24 38 44 42 24 25 29 27 30 40 33 30 35 28 32 40 35 33 32 28
0 0 0 0 0 0 8 0 0 0 0 0 0 0 0 0 0 0 0 0 9 0 0 0 0 0 0 13 0 0 46 52 30 42 30 0 9 33 55 43 50 24 0 16 22 42 28 50 15
0 0 0 0 0 0 0 0 0 0 0 0 0 0 0 0 0 0 0 0 0 0 0 0 0 0 0 0 0 0 0 0 0 0 0 0 2 0 0 0 0 0 0 1 0 0 0 0 0
8 14 0 0 0 0 2 0 0 0 0 0 0 0 0 0 0 0 0 0 0 0 0 0 0 0 0 0 0 0 0 0 0 0 0 0 0 0 0 0 0 0 0 0 0 0 0 0 0
0 0 0 0 0 0 0 0 0 0 0 0 0 0 0 0 0 0 0 0 0 0 0 0 0 0 0 0 0 0 0 0 0 0 0 0 0 0 0 0 0 0 0 0 0 0 0 0 0
0 0 0 0 0 0 0 0 0 0 0 0 0 0 0 0 0 0 0 0 0 0 0 0 0 0 0 0 0 0 0 0 0 0 0 0 0 0 0 0 0 0 0 0 0 0 0 4 0
4 0 0 0 0 0 15 0 0 0 0 0 0 4 0 0 0 0 0 0 0 0 0 13 17 0 0 0 0 0 0 0 0 0 0 0 0 0 6 14 18 8 0 0 0 10 11 26 13
0 0 0 0 0 0 0 0 0 0 0 0 0 0 0 0 0 0 0 0 0 0 0 0 0 0 0 0 0 0 0 0 0 0 0 0 0 0 0 0 0 0 0 0 0 0 0 0 4
0 0 0 0 0 0 11 0 0 0 0 0 0 10 0 0 0 0 0 0 0 0 0 0 0 0 0 0 0 0 0 0 0 0 0 0 0 0 0 0 0 9 0 0 0 0 0 0 9
31 43 45 56 37 28 16 17 27 44 46 20 21 0 22 35 68 84 79 59 26 14 21 53 72 83 67 36 0 4 25 33 39 32 17 8 10 10 21 27 40 31 4 9 12 15 16 20 15
19 50 28 34 49 55 35 8 48 7 12 33 50 37 0 6 0 0 12 31 28 0 0 0 8 34 48 47 1 0 0 22 38 59 45 10 21 1 14 29 57 42 18 36 28 29 43 62 46
0 0 0 0 0 0 0 0 0 0 0 0 0 0 0 0 0 0 0 0 0 0 0 0 0 0 0 0 0 0 0 0 0 0 0 0 0 0 0 0 0 0 0 0 0 0 0 0 0
0 0 0 0 0 0 4 0 0 0 0 0 0 0 0 0 0 0 0 0 0 0 0 0 0 0 0 13 0 0 0 0 0 0 19 0 0 0 0 7 0 19 0 0 0 0 4 0 14
46 33 0 0 13 53 52 53 31 4 0 12 66 64 0 0 0 6 7 25 35 0 9 27 48 52 65 51 0 12 13 50 44 63 51 15 15 0 46 33 80 45 18 8 0 4 10 61 38
0 0 0 0 0 0 0 0 0 0 0 0 0 0 0 0 0 0 0 0 0 0 0 0 0 0 0 0 0 0 0 0 0 0 0 0 0 0 0 0 0 0 0 0 0 0 0 0 0
0 0 0 0 0 0 0 0 0 0 0 0 0 0 0 0 0 0 0 0 0 0 0 0 0 0 0 0 0 0 0 0 0 0 4 0 0 0 0 0 0 0 0 0 7 1 7 6 11
0 0 0 0 0 0 0 0 12 0 0 0 0 8 0 0 0 0 0 0 0 0 0 12 23 34 16 30 7 28 31 41 29 11 10 0 19 34 36 30 18 15 0 14 26 42 30 27 17
0 0 0 0 0 0 0 0 0 0 0 0 0 0 0 0 0 0 0 0 0 0 0 0 0 0 0 0 0 0 0 0 0 0 0 0 0 0 0 0 0 0 0 0 0 0 0 0 0
0 0 0 0 0 0 13 0 0 0 0 0 19 33 0 0 9 19 31 14 20 0 0 30 34 41 22 27 10 4 0 0 11 17 13 0 0 0 0 9 38 24 0 4 0 8 30 43 14
0 0 1 0 0 0 0 0 0 0 0 0 0 0 0 0 0 0 0 0 0 0 0 0 0 0 0 0 0 0 0 0 0 0 0 0 0 14 10 14 0 4 2 9 25 18 26 17 13
13 0 0 0 0 0 21 0 0 0 0 0 0 8 6 0 0 0 0 0 0 9 0 0 0 0 0 0 11 0 0 0 0 0 0 8 0 0 0 0 0 28 7 4 0 0 20 4 27
17 35 32 20 20 27 39 13 45 16 14 34 26 43 0 20 17 7 0 0 19 0 8 15 25 14 23 31 0 10 8 17 15 27 36 0 14 11 29 50 69 53 0 0 0 7 11 27 25
0 0 0 0 0 0 0 0 0 0 0 0 0 0 0 0 0 0 0 0 0 0 0 0 0 0 0 0 0 0 0 0 0 0 0 0 0 0 0 0 0 6 0 0 0 0 7 0 4
29 38 44 37 22 27 17 1 28 29 19 0 9 15 27 39 35 34 30 16 15 24 25 33 53 66 40 23 22 24 32 46 50 32 22 24 17 19 20 35 40 34 6 4 0 0 7 17 17
4 0 6 4 0 0 7 0 0 0 0 0 0 0 0 0 0 16 7 0 0 0 0 28 39 25 0 9 0 2 33 49 28 0 11 0 0 14 18 0 0 0 0 0 4 0 0 0 0
57 57 49 33 31 34 32 57 45 57 59 58 56 51 34 49 74 91 68 71 62 23 53 98 96 74 60 56 16 56 77 85 55 60 55 13 29 48 68 64 69 63 7 18 26 47 50 66 54
0 0 0 0 0 0 0 0 0 0 0 0 0 0 0 0 0 0 0 0 0 0 0 0 0 0 0 0 0 0 0 0 0 0 6 0 0 0 0 0 0 0 0 0 0 0 0 0 0
0 0 0 0 0 0 0 0 0 0 0 0 0 0 0 0 0 0 0 0 0 0 0 0 0 0 0 0 0 0 0 0 0 0 0 0 0 0 0 0 0 0 0 0 0 0 0 0 0
7 0 2 0 0 10 15 0 0 0 0 0 0 1 0 0 0 0 0 0 0 0 0 0 0 0 0 1 10 8 0 0 0 0 14 25 33 25 0 7 34 42 17 30 20 13 0 30 30
24 31 26 15 19 14 15 24 43 26 7 11 11 27 37 64 60 50 33 17 23 28 41 35 29 31 4 22 35 31 14 2 0 0 6 31 36 19 10 11 25 34 16 24 12 1 7 21 20
0 0 0 0 0 0 0 0 0 0 0 0 0 0 0 0 0 0 0 0 0 0 0 0 1 0 0 0 0 0 0 0 0 0 0 0 0 0 0 0 0 0 0 0 0 0 0 0 0
0 0 2 11 0 0 0 0 0 0 0 0 0 0 0 0 0 0 0 0 0 0 0 0 0 0 0 0 0 0 11 4 0 0 0 0 0 0 10 0 7 12 0 0 0 7 0 1 1
0 0 0 2 0 0 0 0 0 0 8 0 0 0 0 0 0 0 0 0 0 0 0 0 0 0 0 0 0 0 0 0 0 0 0 0 0 0 0 0 0 0 2 0 16 18 11 6 10
36 73 45 51 63 73 55 50 68 56 87 99 105 74 23 31 15 18 35 48 43 23 28 15 2 18 46 36 21 16 7 4 8 29 29 15 39 32 38 42 68 37 27 53 43 51 62 63 47
20 15 32 28 17 11 15 11 0 0 0 0 0 0 6 1 13 12 0 0 10 1 0 10 0 0 0 8 8 11 0 11 12 7 14 10 4 9 0 0 0 16 17 2 2 0 0 0 21
0 0 0 0 0 0 0 0 0 0 0 0 0 0 0 0 0 0 0 0 0 0 0 0 0 0 0 0 0 0 0 0 0 0 0 0 0 0 0 0 0 0 0 0 0 0 0 0 0
51 54 55 46 47 45 46 36 58 52 42 34 36 44 49 55 38 34 49 56 52 56 62 21 17 25 40 46 62 70 28 21 23 39 45 65 75 38 21 15 19 34 50 54 45 36 26 19 30
0 0 0 0 0 0 0 0 0 0 0 0 0 0 0 0 0 0 0 0 0 0 0 0 0 0 0 0 0 0 0 0 0 0 9 0 0 0 0 0 0 11 0 0 0 0 0 8 10
0 0 0 0 0 0 0 0 0 0 0 0 0 0 0 0 0 0 0 0 0 0 0 0 0 0 0 0 0 0 0 0 0 0 0 0 0 0 0 0 0 0 0 0 0 0 0 0 0
0 0 0 0 0 0 0 0 2 0 0 0 0 12 0 0 0 0 0 0 10 0 0 0 0 0 0 8 0 0 0 0 0 0 0 0 0 0 0 1 0 19 0 4 0 4 12 16 22
38 50 22 25 23 37 29 47 47 8 0 0 15 30 22 27 8 4 0 0 12 17 17 14 8 0 22 20 13 18 31 35 44 68 48 20 8 7 17 35 52 38 10 6 0 8 27 47 37
0 0 0 0 0 0 0 0 0 0 0 0 0 0 0 0 0 0 0 0 0 0 0 0 0 0 0 0 0 0 0 0 0 0 0 0 0 0 0 0 0 0 0 0 0 0 0 0 0
0 12 19 10 0 0 17 0 6 0 0 0 0 28 0 0 0 0 0 0 0 0 0 0 0 0 0 0 0 0 0 0 0 0 17 0 0 0 0 0 1 23 0 0 0 0 0 0 2
0 0 0 0 0 0 14 0 0 0 0 0 0 0 0 0 0 0 0 0 12 0 0 0 0 0 0 15 0 0 0 0 0 0 0 0 0 0 0 0 0 0 6 0 0 0 0 12 12
0 0 0 0 0 0 0 0 0 0 0 0 0 0 0 0 0 0 0 0 0 0 0 0 4 0 0 2 0 0 0 0 0 0 0 0 0 0 0 0 0 0 4 0 6 2 0 0 23
0 0 0 0 0 0 0 0 0 0 0 0 0 0 0 0 0 0 0 0 0 0 0 0 0 0 0 0 0 0 0 0 0 0 0 11 8 11 0 0 0 0 7 20 28 19 30 24 28
0 0 0 0 0 0 0 0 0 0 0 0 0 0 0 0 0 0 0 0 0 0 0 0 0 0 0 0 0 0 0 0 0 0 0 0 0 0 0 0 0 0 2 0 0 6 0 14 14
0 0 0 0 0 0 0 0 0 0 0 0 0 0 0 0 0 0 0 0 0 0 0 0 0 0 0 0 0 0 0 0 0 0 0 0 0 0 0 0 0 0 1 0 0 0 0 0 0
11 13 0 0 0 6 31 0 0 0 0 0 0 1 0 0 0 0 0 0 0 0 0 0 0 0 0 0 0 0 0 0 0 0 4 10 10 0 0 0 0 12 15 25 6 0 0 1 8
1 0 0 0 0 0 0 13 0 0 0 4 0 10 8 0 0 0 0 0 0 11 0 0 0 0 0 0 0 0 0 0 0 0 6 0 0 0 0 0 0 10 0 0 0 0 4 13 15
25 27 9 0 0 6 17 52 62 43 32 29 37 37 37 39 44 45 28 36 27 17 16 36 52 51 31 23 0 1 51 59 59 26 19 0 0 34 58 57 41 24 0 10 25 44 53 42 30
22 4 4 15 15 25 22 0 0 0 0 4 7 24 0 0 0 0 0 0 16 0 0 0 0 0 2 16 0 0 0 0 0 0 24 0 0 0 0 0 0 17 13 0 6 0 0 0 12
7 19 23 26 17 35 25 0 0 0 0 0 0 0 0 0 0 0 0 0 0 0 0 0 0 0 0 0 0 0 0 0 0 0 0 0 0 0 0 0 0 0 0 0 0 0 0 0 0
0 0 0 0 0 0 0 0 0 0 0 0 0 0 0 0 0 0 0 0 0 0 0 0 0 0 0 0 0 0 0 0 0 0 0 0 0 0 0 0 0 0 0 0 0 0 0 0 0
13 24 27 24 28 50 39 0 0 0 0 0 15 11 0 0 0 8 19 27 23 0 6 21 39 62 67 34 0 13 25 41 37 56 29 0 2 14 37 20 42 24 0 0 0 9 0 7 1
0 0 0 0 0 0 0 0 0 0 0 0 0 0 0 0 0 0 0 0 0 0 0 0 0 0 0 0 0 0 0 0 0 0 0 0 0 0 0 0 0 0 0 0 0 0 0 0 7
0 19 41 31 6 0 0 14 14 35 32 17 0 0 35 32 26 22 0 0 0 17 14 18 12 0 0 0 9 9 7 9 0 8 0 7 9 0 0 0 0 0 1 0 1 8 9 7 0
0 0 0 0 0 0 0 0 0 0 0 0 0 0 0 0 0 0 0 0 0 0 0 0 0 0 0 1 0 0 0 0 0 0 0 0 0 0 0 0 0 4 0 0 0 0 0 0 20
0 0 0 0 0 0 0 0 0 0 0 0 0 0 0 0 0 0 0 0 0 0 0 0 0 0 0 0 0 0 0 0 0 0 0 0 0 0 0 0 0 0 0 0 0 0 0 0 0
0 0 13 1 0 0 0 0 0 0 0 0 0 0 0 0 0 0 0 0 0 0 0 0 0 0 0 0 0 0 0 0 0 0 0 0 0 0 0 0 0 0 0 0 0 0 0 0 0
33 55 13 15 31 52 39 19 49 12 8 16 59 50 0 0 0 0 0 30 35 0 0 0 0 0 30 37 0 0 0 0 0 37 45 7 10 0 0 0 38 42 28 30 23 26 28 57 54
0 15 0 0 13 0 0 14 43 44 48 53 33 8 21 33 34 48 54 22 11 16 22 44 77 78 41 27 13 12 44 56 60 32 7 0 6 26 30 28 12 0 8 17 31 31 32 23 13
0 35 33 32 31 16 13 10 12 16 0 0 0 6 0 0 16 0 0 0 0 0 2 12 0 0 0 4 0 13 0 0 0 7 2 0 13 0 0 0 0 0 0 0 0 2 0 13 8
0 0 0 0 0 0 0 0 0 0 0 0 0 0 0 0 0 0 0 27 26 0 0 0 0 0 23 36 0 0 0 0 0 0 0 0 0 0 0 2 0 0 0 0 0 25 32 11 9
0 0 0 0 0 0 0 0 0 0 0 0 0 0 0 0 0 0 0 0 0 0 0 0 0 0 0 0 0 0 0 0 0 0 0 0 0 0 0 0 0 0 0 0 0 0 0 0 0
0 0 0 0 0 0 0 0 0 0 0 0 0 0 0 0 0 0 0 0 0 0 0 26 33 25 9 0 0 0 9 24 0 12 0 0 0 0 6 0 0 0 0 0 0 0 0 0 0
0 2 7 0 0 0 7 0 0 0 0 0 0 31 0 0 0 0 0 0 18 0 0 0 0 0 0 11 0 0 0 0 0 0 0 0 2 0 0 0 0 0 17 18 8 1 0 12 20
0 0 0 0 0 0 0 0 0 0 0 0 0 0 0 0 0 0 0 0 0 0 0 0 0 0 0 0 0 0 0 0 0 0 0 0 0 0 0 0 0 0 0 0 0 0 0 0 0
0 0 0 0 0 0 0 0 0 0 0 0 0 0 0 0 0 0 0 0 0 0 0 0 0 0 0 0 0 0 0 0 0 0 1 0 0 0 0 0 0 11 0 16 4 0 6 23 29
20 23 12 11 20 31 28 24 29 24 12 32 35 34 18 26 33 21 14 8 14 16 31 32 18 23 21 11 28 25 27 17 9 6 8 22 24 22 14 11 8 18 17 26 21 22 21 24 12
0 2 0 0 0 0 0 0 0 0 0 0 0 0 0 0 0 0 0 0 0 0 0 2 0 0 0 0 0 0 0 0 0 0 0 0 0 0 0 0 0 0 0 0 0 0 0 1 0
0 0 0 0 0 0 0 0 0 0 0 0 0 0 0 0 0 0 0 0 0 0 0 0 0 0 0 0 0 0 0 0 0 0 0 0 0 0 0 0 0 0 0 0 0 0 0 0 0
29 25 21 14 12 20 1 30 51 7 0 0 1 21 18 20 0 0 0 0 0 7 0 0 0 0 0 0 0 0 0 0 0 0 0 0 0 0 0 0 28 14 0 0 0 4 14 29 16
0 0 0 0 0 0 0 0 0 0 0 0 0 0 0 0 0 0 0 0 0 0 0 0 0 0 0 7 0 0 0 0 0 0 0 0 0 0 0 0 0 0 0 0 0 0 0 0 7
0 0 0 0 0 0 0 0 0 0 0 0 0 0 0 0 0 0 0 0 0 0 0 0 0 0 0 4 0 0 0 0 0 0 0 0 0 0 0 0 0 11 0 0 0 0 0 2 15
22 41 20 15 23 40 34 49 47 19 33 22 52 30 21 8 0 10 0 0 0 0 0 13 43 28 0 2 0 0 0 0 0 0 0 0 0 0 0 0 0 25 0 0 0 0 11 28 30
0 0 0 0 0 0 8 0 0 0 0 0 0 0 0 0 0 0 0 0 0 0 0 0 0 0 0 0 0 0 0 0 0 0 0 0 0 0 0 0 0 0 0 0 0 0 0 0 11
0 8 23 22 0 6 0 0 0 0 9 0 0 0 0 0 1 7 0 15 4 0 10 21 4 15 34 6 0 0 0 0 0 16 4 0 0 0 0 0 0 0 6 4 8 7 9 14 8
33 40 43 47 35 26 32 40 47 46 49 50 40 31 19 22 25 31 28 29 16 13 8 17 7 14 10 10 16 30 32 15 4 9 18 19 36 25 14 22 20 20 12 33 30 19 22 20 31
25 16 0 2 18 16 27 38 36 16 6 24 48 55 0 0 0 0 1 0 23 1 8 32 31 22 8 21 8 15 34 13 9 0 19 9 4 28 29 31 26 43 0 0 21 22 38 45 37
10 0 0 0 0 0 0 0 0 0 0 0 0 0 0 0 0 0 0 0 0 0 0 0 0 0 0 0 0 0 0 0 0 0 0 0 0 0 0 0 0 0 0 0 0 0 0 0 0
9 26 13 7 0 17 0 0 0 0 0 0 0 9 0 0 0 1 0 12 2 0 0 0 18 32 24 16 0 0 0 24 15 8 2 0 0 0 0 0 0 0 0 0 0 0 0 0 0
0 0 0 0 0 0 1 2 9 0 0 0 0 0 0 0 0 0 0 0 0 0 0 7 0 0 0 0 0 0 0 0 0 0 7 0 0 0 15 0 0 0 0 0 14 22 20 15 19
0 0 0 0 0 0 0 0 6 0 0 0 0 0 12 15 1 0 0 0 6 12 0 0 0 0 0 0 1 0 0 0 0 0 1 0 0 0 0 0 0 2 0 0 0 0 0 0 0
0 0 0 0 0 8 14 0 0 0 0 0 0 4 0 14 0 0 0 0 0 16 17 0 0 0 0 12 10 11 0 0 0 0 0 9 0 9 0 2 0 14 6 7 0 9 9 9 6
0 0 0 0 0 0 0 0 0 0 0 0 0 0 0 0 0 0 0 0 0 0 0 0 0 0 0 0 0 0 0 0 0 0 0 0 0 0 0 0 0 0 0 0 0 0 0 0 0
11 20 26 26 9 18 2 30 31 40 33 35 35 27 0 2 0 34 16 16 0 0 4 41 74 36 24 6 8 36 25 49 24 25 27 16 37 30 60 54 37 21 13 8 28 32 29 17 10
0 0 0 0 0 0 0 0 0 0 0 0 0 0 0 0 0 0 0 0 0 0 0 0 0 0 0 0 0 0 0 0 0 0 0 0 0 0 0 0 0 0 0 0 0 0 0 0 0
0 0 13 15 0 0 0 0 0 10 1 0 0 0 6 0 0 0 0 0 0 13 9 2 0 0 0 2 0 18 0 0 0 0 0 0 7 0 0 0 6 11 10 18 8 13 0 19 23
0 1 0 0 0 0 2 0 0 0 0 0 0 0 0 0 0 0 0 0 0 0 0 0 0 0 0 0 0 0 0 0 0 0 0 0 0 0 0 0 0 27 0 0 0 0 6 15 18
8 4 0 0 0 0 7 14 1 0 0 0 0 2 11 0 7 0 9 0 4 0 6 31 28 28 8 16 8 8 18 0 0 0 0 0 0 6 0 4 0 14 8 0 1 0 0 13 14
27 58 28 36 37 55 44 7 54 16 7 38 54 49 25 34 31 21 24 17 19 24 26 32 16 22 19 20 27 38 23 6 0 4 17 35 43 17 4 4 20 17 29 44 26 15 26 35 16
29 24 21 24 28 52 37 20 17 12 20 34 47 31 2 0 0 0 9 19 17 4 0 12 18 24 24 21 0 18 32 34 19 12 14 14 41 46 45 43 40 36 32 46 55 40 57 38 29
0 18 17 0 0 0 9 22 20 0 4 0 0 0 0 0 14 7 0 0 0 4 2 17 0 0 0 0 0 0 0 0 0 0 0 0 0 0 0 0 0 9 0 0 0 0 1 15 10
0 0 0 0 0 0 0 0 0 0 0 0 0 0 0 0 0 0 0 0 0 0 0 0 0 0 0 0 0 0 0 0 0 0 0 0 0 0 0 0 0 0 0 0 0 0 0 0 0
0 0 0 0 0 0 0 0 0 0 0 0 0 0 0 0 0 0 0 0 0 0 0 0 0 0 0 0 0 0 0 0 0 0 0 0 0 0 0 0 0 0 0 0 0 0 0 0 0
0 0 0 0 0 0 0 0 0 0 0 0 0 0 0 0 0 0 0 0 0 0 0 0 0 0 0 0 0 0 0 0 0 0 0 0 0 0 0 0 0 0 2 10 0 1 10 17 20
0 0 0 0 0 0 0 0 0 0 0 0 0 0 0 0 0 0 0 0 0 4 0 14 18 15 0 8 4 0 0 6 32 24 15 0 0 0 0 0 0 6 11 0 0 0 0 8 11
16 0 0 0 0 2 10 0 0 0 0 0 0 16 0 0 0 0 0 0 9 0 0 0 0 0 0 9 1 0 4 8 0 0 0 1 0 0 0 0 0 4 7 0 0 0 0 4 16
0 0 0 0 0 0 0 0 0 0 0 0 0 0 0 0 0 4 1 0 1 0 0 0 7 0 1 7 20 7 14 10 12 8 19 26 19 16 22 13 9 8 26 20 20 19 24 26 17
35 31 31 19 30 30 28 7 22 26 7 14 16 21 0 11 19 0 0 9 17 0 7 19 30 35 35 24 8 20 14 21 26 31 18 27 26 22 39 54 64 44 13 15 0 11 19 42 48
17 11 0 0 1 15 32 0 0 0 0 0 0 32 0 0 9 6 0 1 20 0 0 6 0 0 4 26 0 0 0 4 0 10 22 15 0 0 0 0 4 19 0 0 0 0 0 0 0
17 22 26 38 34 39 32 2 9 15 27 22 13 36 0 7 23 37 15 7 7 0 0 25 31 13 0 0 0 0 2 24 15 17 20 6 10 15 32 45 44 30 6 0 4 17 26 35 32
46 56 44 21 31 39 42 54 74 58 54 62 69 64 40 58 41 36 23 30 38 27 35 34 46 51 39 34 37 29 26 35 48 48 47 24 19 15 11 30 22 34 20 15 10 8 35 36 39
0 0 0 0 0 0 0 0 0 0 0 0 0 0 0 0 0 0 0 0 0 0 0 0 0 0 0 0 0 0 0 0 0 0 0 0 0 0 0 0 0 0 0 0 0 0 0 0 0
0 0 0 0 0 0 0 0 0 0 0 0 0 0 0 0 0 0 0 0 0 0 0 0 0 0 0 0 0 0 2 0 0 0 0 0 0 0 0 0 13 6 1 1 0 0 8 21 19
20 49 33 32 36 12 28 8 26 17 20 44 22 27 20 18 21 27 33 7 27 16 21 25 0 18 0 20 20 22 19 16 0 0 9 4 9 21 12 0 0 0 14 13 16 19 15 9 7
0 0 0 0 0 0 0 0 0 0 0 0 0 0 0 0 0 0 0 0 0 0 0 0 0 0 0 0 0 0 0 0 0 0 0 0 0 0 0 0 0 0 0 0 0 0 0 0 0
0 0 0 0 0 0 0 0 0 0 0 0 0 0 0 0 0 0 0 0 0 0 0 0 0 0 0 0 0 0 0 0 0 0 0 0 0 0 0 0 0 0 0 7 10 2 0 24 24
0 0 0 0 0 0 0 0 0 0 0 0 0 0 0 0 0 0 0 0 0 0 0 0 0 0 0 0 0 0 0 0 0 0 0 0 0 0 0 0 0 0 4 0 0 0 0 0 1
0 0 0 0 0 0 0 0 0 0 0 7 0 7 0 0 0 0 10 12 0 0 0 0 17 35 16 6 0 0 0 19 13 0 16 0 6 27 28 30 26 15 0 9 20 29 40 27 17
0 2 16 20 15 10 7 4 7 20 16 10 0 13 4 10 25 23 9 0 0 0 15 33 22 23 6 2 13 21 18 2 9 8 4 0 13 13 18 26 28 17 0 0 7 11 27 21 0
19 28 22 23 26 18 18 40 63 46 52 61 39 51 21 42 48 61 54 21 32 8 21 37 47 38 32 38 0 15 30 41 30 30 30 9 19 19 21 17 11 27 16 26 31 28 37 21 22
0 0 0 0 0 0 0 0 0 0 0 0 0 0 0 0 0 0 0 0 0 0 0 0 0 0 0 0 0 0 0 0 0 0 0 0 0 0 0 0 0 0 0 0 0 0 0 0 0
0 0 0 0 0 0 0 0 0 0 0 0 0 0 0 0 0 0 0 0 0 0 0 0 0 0 0 0 0 0 0 0 9 0 7 0 0 1 16 0 0 1 0 0 22 34 28 26 27
8 2 0 0 9 32 1 0 0 0 0 0 18 0 0 0 0 12 0 13 0 0 0 0 0 0 9 0 0 0 0 0 0 0 6 0 0 0 0 0 1 0 0 0 0 0 0 0 0
0 0 0 0 0 0 0 0 0 0 0 0 0 0 0 6 0 6 0 0 0 0 0 0 2 0 0 0 0 0 0 0 0 0 0 0 0 0 0 0 0 0 0 0 0 0 0 0 10
0 0 0 4 0 0 0 0 0 0 0 0 0 0 0 0 0 0 0 0 0 0 0 0 0 0 0 0 0 0 0 0 0 0 0 0 0 0 0 0 0 2 0 0 0 0 0 0 0
0 0 0 0 13 29 25 15 11 0 0 19 59 46 0 0 0 0 2 27 17 0 7 11 16 15 34 27 8 6 7 0 0 29 22 0 0 0 0 0 30 26 8 10 10 18 27 34 15
0 0 0 0 0 0 0 0 0 0 0 0 0 0 0 0 0 0 0 0 0 0 0 0 0 0 0 0 0 0 0 0 0 0 0 0 0 0 0 0 0 0 0 0 0 0 0 0 0
4 42 29 30 11 11 7 0 0 0 0 0 0 0 0 0 0 0 0 0 0 0 0 0 0 0 0 0 0 0 0 0 0 0 0 0 0 0 0 0 12 16 0 0 0 0 7 9 11
26 50 27 19 20 38 43 30 39 11 4 0 27 41 1 7 8 0 0 2 0 0 1 11 6 0 0 0 0 10 14 0 4 0 0 22 35 27 25 39 54 44 23 31 23 31 40 51 30
0 0 0 0 0 0 0 0 0 0 0 0 0 0 0 0 0 0 0 0 0 0 0 0 0 0 0 0 0 0 0 0 0 0 0 0 0 0 0 0 0 0 0 0 1 24 16 35 22
0 0 0 0 0 0 0 0 0 0 0 0 0 0 0 0 0 0 0 0 0 0 0 0 0 0 0 0 0 0 0 0 0 0 0 0 0 0 0 0 0 2 0 0 0 0 0 0 9
0 0 0 0 0 0 0 0 0 0 0 0 0 10 0 0 0 0 0 1 6 0 0 0 0 0 8 8 0 0 0 0 0 0 0 9 6 0 0 0 0 4 4 6 2 0 0 0 0
0 0 0 0 0 0 0 0 0 0 0 0 0 0 0 0 0 0 0 0 0 0 0 0 0 0 0 0 0 0 0 0 0 0 0 0 0 0 0 0 0 0 8 0 0 0 0 0 8
0 1 20 34 30 27 14 7 0 4 9 16 24 19 0 0 0 0 0 11 27 0 0 0 0 0 9 25 0 0 0 0 0 14 22 0 0 12 35 22 36 20 0 1 0 0 0 0 6
12 17 12 16 38 52 34 54 78 34 22 60 87 82 43 56 63 58 66 65 43 31 43 53 46 51 58 43 29 54 52 39 43 41 34 29 51 44 44 64 59 35 31 50 36 29 31 39 36
0 14 20 18 0 0 0 10 18 0 0 0 0 17 0 0 0 0 0 0 0 0 0 0 0 0 0 0 0 0 0 0 0 0 2 0 0 0 0 0 12 0 0 0 0 0 0 16 7
0 0 0 0 0 0 0 0 23 4 12 11 6 22 0 0 7 15 2 7 11 0 0 2 2 0 11 0 0 0 0 0 0 0 7 0 0 0 0 0 0 0 0 12 0 0 0 0 4
0 0 0 0 0 0 0 0 0 0 0 0 0 0 0 0 0 0 0 0 0 0 0 0 0 0 0 0 0 0 0 0 0 0 0 0 0 0 0 0 0 0 0 0 0 0 0 0 0
0 0 0 13 0 11 17 0 8 0 0 4 15 26 0 0 0 0 0 0 20 0 0 0 0 0 0 17 0 0 0 0 0 7 30 0 9 2 17 4 29 29 0 16 0 17 21 38 39
0 0 0 0 0 0 0 0 0 0 0 0 0 0 0 0 0 0 0 0 0 0 0 0 0 0 0 0 0 0 0 0 0 0 0 0 0 0 0 0 0 0 0 0 0 0 0 0 0
12 51 37 31 35 40 22 0 27 24 39 38 30 33 12 25 57 53 19 0 14 0 12 41 22 24 14 26 0 0 38 35 45 39 42 4 9 23 34 24 28 27 2 0 13 24 33 45 32
0 0 0 0 0 0 0 0 0 0 0 0 0 0 0 0 0 0 0 0 0 0 0 0 17 7 0 0 0 0 0 15 4 0 0 0 0 0 0 0 0 0 0 0 0 1 0 0 0
0 0 18 4 0 0 0 0 4 4 0 0 0 0 0 9 14 0 1 9 14 0 0 0 0 10 17 20 0 0 0 0 0 0 11 0 0 0 0 0 0 0 0 0 0 0 0 0 0
10 12 0 0 0 19 36 26 38 0 0 0 39 42 16 35 18 0 7 23 26 25 24 28 20 22 39 29 25 27 8 0 0 20 19 11 17 0 0 10 34 32 0 10 0 0 0 8 14
0 0 0 0 0 0 0 0 0 0 0 0 0 0 0 0 0 0 0 0 0 0 0 0 0 0 0 0 0 0 0 0 0 0 0 0 0 0 0 0 0 0 0 0 0 0 0 0 0
0 0 10 0 0 0 0 19 21 9 8 26 18 18 15 11 0 0 0 0 0 16 23 25 4 1 2 7 16 29 20 0 0 0 1 0 2 18 18 26 12 0 2 7 17 24 14 4 0
0 0 0 0 0 0 0 0 0 0 0 0 0 0 0 0 0 0 0 0 0 0 0 0 0 0 0 0 0 0 0 0 0 0 0 0 0 0 0 0 0 0 0 0 0 0 0 0 6
0 8 26 0 0 0 0 0 0 0 0 0 0 0 0 0 0 0 0 0 0 0 0 4 8 1 0 0 0 0 7 0 10 0 4 0 0 17 0 21 17 28 0 14 18 13 13 20 30
23 38 13 12 16 21 24 0 0 0 0 0 0 11 0 0 0 0 0 0 0 0 0 0 0 0 0 0 0 0 0 0 0 0 0 0 0 0 0 0 0 0 0 0 0 0 0 0 0
0 0 0 0 0 0 0 0 0 0 0 0 0 0 0 0 0 0 0 0 0 0 0 0 0 0 0 0 0 0 0 0 0 0 0 0 0 0 0 0 0 0 0 0 0 0 0 0 0
0 0 0 0 0 0 0 0 0 0 0 0 0 0 0 0 0 0 0 0 0 0 0 0 0 0 0 0 0 0 0 0 0 0 0 0 0 0 0 0 0 0 0 0 0 0 0 0 0
0 0 0 0 0 0 0 0 0 0 0 0 0 0 0 0 0 4 0 0 0 0 0 6 8 24 0 0 0 0 0 12 21 0 0 0 0 0 0 10 13 0 0 0 0 0 0 1 11
7 22 0 0 0 20 27 25 37 7 0 0 8 38 0 0 0 2 0 0 14 0 0 25 8 0 0 6 0 0 18 0 0 0 0 0 7 12 0 6 0 0 0 16 13 19 44 46 36
0 0 0 0 0 0 0 0 0 0 0 0 0 0 0 0 0 0 0 0 0 0 0 0 0 0 0 0 0 0 0 0 0 0 0 0 0 0 0 0 0 0 0 0 0 0 0 0 0
0 0 0 0 0 0 0 0 0 0 0 0 0 0 0 0 0 0 0 0 0 0 0 0 0 0 0 0 0 0 0 0 0 0 0 0 0 0 0 0 0 9 0 0 0 0 0 0 10
7 26 14 9 4 0 20 0 0 0 0 0 0 10 0 0 0 0 0 0 0 0 0 0 9 15 9 22 0 0 2 20 25 15 20 0 0 0 0 0 8 12 0 0 0 0 0 0 0
0 0 1 0 0 0 1 0 0 0 0 0 0 6 0 0 0 0 0 0 0 14 20 41 33 4 0 4 10 12 24 22 18 9 8 0 0 1 6 18 12 6 0 0 0 0 6 17 7
0 0 0 0 0 0 7 0 0 0 0 0 0 0 0 0 0 0 0 0 0 0 0 6 0 0 0 0 0 0 0 0 0 0 0 0 0 0 0 0 0 7 15 1 0 0 0 18 16
0 0 0 0 0 17 17 8 0 0 0 0 27 24 0 0 0 0 0 0 12 0 0 0 26 20 22 14 0 0 0 10 11 14 21 7 0 0 0 10 14 27 7 0 4 15 26 25 20
0 0 0 0 0 0 0 0 0 0 0 0 0 0 0 0 0 0 0 0 0 0 0 0 0 0 0 0 0 0 0 0 0 0 0 0 0 0 0 0 0 0 0 0 0 0 0 0 0
0 2 14 7 0 0 0 0 0 0 0 0 0 0 0 0 0 0 0 0 0 0 0 0 0 0 0 0 0 0 0 0 0 0 0 0 0 0 0 0 0 0 0 0 0 0 0 0 0
0 0 0 0 0 0 0 0 0 0 0 0 0 0 0 0 0 0 0 0 0 0 1 0 0 0 0 0 6 18 10 0 0 0 0 9 1 0 0 0 0 0 21 0 0 0 0 15 13
0 0 0 0 0 0 0 0 0 0 0 0 0 0 0 0 7 0 0 0 0 0 0 23 0 7 0 0 0 0 23 7 0 0 0 0 0 0 0 0 0 4 0 0 0 0 0 0 0
0 0 0 0 0 0 0 8 12 12 8 19 11 0 0 0 21 31 30 7 0 0 0 0 4 0 0 0 0 10 19 11 0 0 2 0 0 0 0 8 23 21 0 1 6 19 14 32 20
0 17 2 8 12 9 22 0 0 0 0 0 0 0 0 0 0 0 0 0 0 0 0 0 0 0 0 0 0 0 0 0 0 0 0 0 0 0 0 0 0 4 0 0 0 0 0 0 13
0 0 0 0 0 0 0 0 0 0 0 0 0 0 0 0 0 0 0 0 0 0 0 0 0 0 0 0 0 0 0 0 0 0 0 0 0 0 0 0 0 4 0 0 0 0 0 0 0
0 0 0 0 0 0 0 0 0 0 0 0 0 0 0 0 0 0 0 0 0 0 0 0 0 0 0 0 0 0 0 0 0 0 0 0 0 0 0 0 0 0 14 2 10 4 0 0 13
19 21 17 23 20 19 25 14 1 7 25 21 27 22 17 15 13 11 11 11 16 16 16 2 18 0 15 17 0 10 0 17 0 0 0 0 0 6 9 0 0 0 2 6 12 20 22 19 22
0 0 0 0 0 0 0 0 0 0 0 0 0 0 0 0 0 0 0 0 0 0 0 0 0 0 0 0 0 0 0 0 0 0 0 0 0 0 0 0 0 0 0 0 0 0 0 0 0
39 36 55 60 55 38 24 28 17 19 33 31 25 24 8 0 0 40 48 24 0 10 0 0 37 65 55 29 0 0 0 9 32 35 27 0 0 0 0 0 18 9 1 0 1 12 14 35 30
16 21 22 25 16 16 1 0 0 0 0 0 0 0 0 0 2 9 4 0 0 0 0 0 0 0 0 0 0 0 0 0 0 0 0 4 17 17 10 9 0 6 2 8 16 10 4 0 11
30 53 47 55 46 32 28 38 44 43 43 31 28 28 39 43 47 45 12 20 15 28 32 36 54 28 36 27 24 26 40 51 44 40 21 21 27 43 40 47 60 52 24 20 23 28 47 44 41
8 26 14 0 0 0 0 2 17 0 0 11 0 0 0 11 11 27 21 0 0 1 7 35 38 17 0 0 0 7 45 64 59 27 6 0 0 7 28 24 35 22 0 0 0 0 0 15 0
17 11 30 35 32 16 9 22 23 44 40 44 14 14 17 23 42 50 64 30 21 2 6 15 18 29 29 28 0 0 25 22 18 8 14 0 0 10 14 26 26 32 6 7 15 24 38 39 41
0 0 32 27 0 0 0 0 6 23 10 0 0 0 0 9 23 12 0 0 0 0 0 0 0 0 0 0 0 0 0 0 0 0 0 0 0 0 0 0 0 0 0 0 0 0 0 0 0
0 0 0 0 0 0 0 0 0 0 0 0 0 0 0 0 0 0 0 0 0 0 0 0 0 0 0 0 0 0 0 0 0 0 0 0 0 0 0 0 0 0 0 0 0 0 0 0 0
0 0 2 0 0 0 0 0 0 0 0 0 0 0 0 0 0 0 0 0 0 0 0 0 0 0 0 0 0 0 0 0 0 0 0 0 0 0 0 0 0 0 0 0 0 1 0 0 0
0 0 0 0 0 0 0 0 0 0 0 0 0 0 0 0 0 0 0 0 12 0 0 0 0 0 0 12 0 0 0 0 0 0 0 0 0 0 0 0 1 20 0 0 0 0 0 0 0
0 0 0 0 0 0 0 0 0 0 0 0 0 0 0 0 0 0 0 0 0 0 0 0 0 0 0 0 0 0 0 0 0 0 0 0 0 0 0 0 0 0 0 0 0 0 0 0 0
2 0 0 0 0 0 9 0 0 0 0 0 0 0 0 0 0 0 0 0 8 0 0 0 13 0 0 0 0 0 0 0 0 0 0 0 0 0 0 0 0 1 0 0 0 0 0 0 0
0 0 0 0 0 0 0 0 0 0 0 0 0 0 13 12 0 0 0 0 0 15 17 0 0 0 0 0 0 0 0 0 0 0 0 0 0 0 0 0 0 14 0 0 0 25 20 26 17
0 0 0 0 0 0 0 0 0 0 0 0 0 0 0 0 0 0 0 0 0 0 0 0 0 0 0 0 0 0 0 0 0 0 0 0 0 0 0 0 0 0 0 0 0 0 0 0 0
35 43 38 36 37 54 43 41 30 21 28 26 64 56 17 13 9 21 8 32 30 15 6 18 24 34 41 35 16 13 25 46 44 51 36 36 27 24 26 48 61 49 32 25 16 26 29 27 30
32 32 19 21 21 22 18 31 26 13 31 30 20 14 26 18 27 48 47 21 29 13 0 14 48 67 42 33 11 9 25 42 53 36 29 22 25 28 40 37 25 20 18 27 28 30 27 11 20
41 35 36 31 34 46 33 52 58 47 44 67 73 53 32 33 39 38 41 50 29 24 30 31 35 29 36 32 26 33 44 55 57 44 33 32 38 45 63 55 50 25 38 45 49 51 47 44 32
8 0 0 0 7 46 36 10 18 0 0 21 68 64 0 0 0 0 0 21 29 0 0 9 0 0 0 15 6 9 0 0 0 0 13 13 0 2 13 8 13 16 25 12 0 7 18 26 24
0 0 0 0 0 0 0 0 0 16 0 0 0 0 0 22 18 16 0 0 0 11 33 40 29 19 0 0 0 21 32 28 29 20 0 0 12 30 32 15 17 0 0 4 19 22 0 15 1
24 12 0 0 0 0 14 0 0 0 0 0 0 0 0 0 0 0 0 0 0 0 0 0 0 0 0 0 4 0 0 0 0 0 0 14 0 0 0 0 0 10 33 19 8 0 0 0 23
0 0 0 0 0 0 0 0 0 0 0 0 0 0 0 0 0 0 0 0 0 0 0 0 0 0 0 0 0 0 0 0 0 0 0 0 0 0 0 0 0 0 0 0 4 0 0 0 4
0 0 0 0 0 0 0 0 0 0 0 0 0 0 0 0 0 0 0 0 0 0 0 0 0 0 0 0 0 0 0 0 0 0 0 0 0 0 0 0 0 0 0 0 0 0 0 0 0
0 0 0 0 0 0 1 0 0 0 0 0 0 0 0 0 0 0 0 0 0 0 0 0 0 0 0 16 0 0 0 0 0 0 9 0 0 0 0 0 0 0 0 6 0 0 0 0 10
0 0 0 0 0 0 11 0 0 0 0 0 0 0 0 0 0 22 0 0 0 0 14 33 52 26 30 14 6 35 42 52 19 2 0 37 60 63 35 0 0 0 17 53 55 40 0 0 0
0 0 0 0 0 0 0 0 0 0 0 0 0 0 0 0 0 0 0 0 0 0 0 0 0 0 0 0 0 0 0 0 0 0 0 0 0 0 0 0 0 0 0 0 0 0 0 0 0
0 10 9 6 8 0 17 20 28 25 11 15 0 32 9 11 31 16 12 0 17 1 0 28 24 6 0 8 0 7 40 31 17 9 21 0 0 17 29 41 50 44 4 0 12 17 32 35 24
0 0 0 0 0 0 6 0 0 0 0 0 0 0 0 0 0 0 0 0 0 0 0 0 0 0 0 6 0 0 0 0 0 0 1 0 0 0 0 0 0 0 0 0 0 0 0 0 0
0 0 0 0 0 0 0 0 0 0 0 0 0 0 0 0 0 0 0 0 4 0 0 0 6 0 0 6 0 0 0 0 0 0 0 0 0 0 0 0 0 0 0 0 0 0 0 0 0
0 0 0 0 0 0 0 0 0 0 0 0 0 0 0 0 0 0 0 0 0 0 0 0 0 0 0 0 0 0 0 0 0 0 0 0 0 0 0 0 0 0 0 0 0 0 0 0 0
0 0 0 0 0 0 7 0 0 0 0 0 0 0 0 0 0 0 0 0 0 0 0 0 0 0 0 0 0 0 0 0 0 0 0 0 0 0 0 0 0 0 0 0 0 0 0 0 0
0 0 0 0 0 0 0 0 0 0 0 0 0 0 0 0 0 0 0 0 0 0 0 0 0 0 0 0 0 0 0 0 0 0 0 0 0 0 0 0 0 0 0 0 0 0 0 4 11
50 46 29 20 19 30 31 39 47 18 12 31 43 43 26 24 12 10 9 34 33 9 9 27 34 49 54 38 9 13 32 39 38 52 38 12 9 18 28 34 48 40 0 0 0 8 22 21 27
0 0 0 0 0 0 0 0 0 0 0 0 0 0 0 0 0 0 0 0 0 0 0 0 0 0 0 0 0 0 8 0 0 0 0 0 0 15 0 0 0 0 0 0 0 0 0 0 0
2 8 0 0 0 0 8 0 0 0 0 0 0 19 0 0 0 0 0 0 20 0 0 0 0 0 4 16 0 0 0 0 0 0 0 0 2 0 0 0 0 0 19 17 7 12 2 0 7
0 0 0 0 0 0 0 0 0 0 0 0 0 0 0 0 0 0 0 0 0 0 0 0 0 0 0 0 0 0 0 0 0 0 0 0 0 0 0 0 0 0 0 0 0 0 0 0 0
0 0 0 0 0 0 19 0 0 0 0 0 0 0 0 0 0 0 0 0 0 0 0 0 0 0 0 0 0 0 0 0 0 0 0 0 0 0 0 0 0 0 0 0 0 0 0 0 0
0 0 0 0 0 0 0 0 0 0 0 0 0 11 0 0 0 0 0 0 9 0 0 0 2 0 9 36 0 0 0 8 11 0 16 0 0 0 0 0 0 8 0 0 14 19 22 18 32
0 0 0 0 0 0 0 0 0 0 0 0 0 0 0 0 0 0 0 0 0 0 0 0 0 0 0 0 0 0 0 0 0 0 0 0 0 0 0 0 0 0 0 0 0 0 0 0 0
0 17 11 7 11 10 29 13 43 31 32 36 35 47 10 29 33 33 25 14 28 22 31 34 14 0 4 18 16 29 29 0 0 2 20 12 23 36 13 24 30 27 9 18 21 29 36 33 31
19 26 29 20 28 19 9 12 28 36 39 24 19 7 0 0 10 10 2 0 0 0 0 0 0 0 0 10 0 0 0 0 0 0 0 9 15 12 0 0 9 11 10 22 14 10 2 18 18
0 0 0 0 0 0 0 0 0 0 0 0 0 0 0 0 0 0 0 0 0 0 0 0 0 0 0 0 0 0 0 0 0 0 0 0 0 0 0 0 0 0 0 0 0 0 0 0 0
0 0 0 0 0 0 0 0 0 0 0 0 0 0 0 0 0 0 0 0 0 0 0 0 0 0 0 0 0 0 0 17 9 0 0 0 0 8 0 0 0 0 12 0 12 14 0 0 0
0 0 0 0 0 0 0 0 0 0 0 0 0 0 0 0 0 0 0 0 0 0 0 0 0 0 0 0 0 0 0 0 0 0 0 0 0 0 0 0 0 0 0 0 0 0 0 0 0
0 0 25 27 7 0 0 0 33 58 55 39 1 0 0 22 39 50 29 0 1 0 7 19 35 23 0 0 0 0 13 33 19 11 0 0 0 12 20 25 45 24 0 0 18 22 46 57 31
0 0 17 17 19 0 0 0 9 9 11 22 0 20 0 0 0 0 0 0 9 0 0 0 0 21 6 25 0 0 0 15 41 34 31 0 0 0 0 12 14 13 0 0 0 0 6 20 15
0 0 12 16 7 0 0 20 0 9 16 27 16 22 6 0 0 0 1 14 23 0 0 0 0 0 8 19 0 0 0 0 0 6 24 1 0 1 0 0 0 11 11 9 22 17 25 34 30
0 0 0 0 0 0 0 0 0 0 0 0 0 0 0 0 0 0 0 0 0 0 0 0 0 0 0 0 0 0 0 0 0 0 0 0 0 0 0 0 0 0 0 0 0 0 0 0 2
59 93 70 77 79 83 58 64 95 89 101 118 123 55 55 85 98 102 90 87 46 36 61 103 96 112 87 54 33 62 91 98 103 90 61 33 50 59 77 79 109 69 24 36 34 53 56 66 47
0 0 1 6 8 16 10 0 0 0 13 12 0 1 0 0 0 7 13 0 0 0 0 9 33 37 21 15 0 0 25 40 54 39 20 0 0 7 40 56 39 25 0 0 10 19 26 29 24
0 0 0 7 24 35 43 0 0 0 8 16 12 30 0 0 0 0 0 0 16 0 0 0 9 0 0 14 11 14 11 0 0 0 26 13 33 53 40 34 16 31 26 35 41 28 31 23 32
0 0 19 18 12 0 0 0 14 30 22 0 0 7 17 15 20 4 0 0 12 10 14 8 0 0 0 6 19 17 0 0 0 0 0 18 20 11 0 0 6 8 19 9 0 0 0 12 17
27 30 0 0 0 32 41 44 33 0 0 0 19 49 14 8 0 0 0 0 17 6 0 0 0 0 0 0 8 0 0 0 0 0 0 9 0 0 0 0 0 2 23 25 0 0 0 0 22
45 32 21 17 23 31 26 36 30 12 12 8 16 20 29 14 0 0 2 8 19 22 2 0 0 0 7 15 27 1 0 0 0 0 8 41 20 0 0 0 0 9 39 22 18 2 6 0 15
0 0 0 0 0 0 0 0 0 0 0 0 0 0 0 0 0 0 0 0 0 0 0 0 0 0 0 0 0 0 0 0 0 0 0 0 0 0 0 0 0 0 0 0 0 0 0 16 10
1 0 0 13 16 12 16 0 0 0 19 28 24 30 0 0 15 20 8 4 10 0 2 17 27 41 21 6 7 14 12 40 35 26 18 11 0 0 10 15 14 10 0 2 0 2 8 2 9
0 0 0 11 6 0 0 0 0 0 0 0 0 0 0 0 0 0 0 0 0 0 0 0 0 0 0 0 0 0 0 0 0 1 0 0 0 0 0 0 23 26 0 0 0 0 0 0 0
1 10 1 0 0 0 16 0 0 0 0 0 0 0 0 0 0 0 0 0 0 0 0 0 0 0 0 0 0 0 0 0 0 0 4 0 0 0 0 0 19 17 0 0 0 0 0 10 13
0 0 0 0 0 0 0 0 0 0 0 0 0 0 0 0 0 0 0 0 0 0 0 0 0 0 0 0 0 0 0 0 0 0 0 0 0 0 0 0 0 0 0 0 0 0 0 0 0
0 22 10 12 31 33 15 0 0 0 0 0 0 0 18 34 28 13 0 0 0 22 38 38 19 19 6 8 22 40 54 29 15 6 0 15 36 52 31 19 16 9 0 4 25 19 18 11 6
0 0 0 6 8 0 1 0 0 0 0 0 0 0 0 0 0 0 0 0 0 0 0 0 0 0 0 0 0 0 0 0 0 0 0 0 0 0 0 0 0 0 0 0 0 0 0 0 2
0 10 0 0 0 0 13 0 0 0 0 0 0 23 0 0 0 16 12 26 26 0 0 0 26 32 20 18 0 6 2 30 35 41 26 11 8 0 10 13 40 34 0 0 0 0 0 21 16
0 0 0 0 0 0 0 0 0 0 0 0 0 4 0 0 0 0 0 0 0 0 0 0 0 0 0 0 0 0 0 0 0 6 25 0 0 0 0 10 24 24 0 0 0 4 10 28 29
0 10 29 17 4 0 0 0 11 17 15 14 0 0 6 21 40 45 42 0 0 18 35 52 43 47 19 4 8 29 57 47 58 21 8 0 0 32 40 27 22 4 0 0 28 40 36 21 9
0 0 0 0 0 0 0 0 0 0 0 0 0 0 0 0 0 0 0 0 0 0 0 0 0 0 0 0 0 0 0 0 0 0 0 0 0 0 0 0 0 0 0 0 0 0 0 0 0
0 0 18 0 0 0 10 0 11 27 0 0 0 0 38 32 22 11 0 0 20 24 16 0 0 0 0 0 17 0 0 0 0 0 0 18 13 0 0 0 0 13 36 40 22 23 23 31 37
0 0 0 0 0 0 0 0 0 0 0 0 0 0 0 0 0 0 0 0 0 0 0 0 0 0 0 0 0 0 0 0 0 0 0 0 0 0 0 0 0 0 0 0 0 0 0 0 0
25 45 48 40 31 41 42 0 0 10 2 0 0 7 0 0 1 13 11 0 0 0 0 18 29 19 4 0 0 1 20 10 7 11 1 0 23 31 20 8 22 27 0 9 0 1 0 19 17
0 0 0 0 0 0 0 0 0 0 0 0 0 0 0 0 0 0 0 0 0 0 0 0 27 19 6 0 0 0 0 8 10 0 0 0 0 0 7 31 17 13 0 0 0 0 6 7 2
0 0 0 0 0 0 0 0 0 0 0 0 0 0 0 0 0 0 0 0 0 0 0 0 0 0 0 0 0 0 0 0 0 0 0 0 0 0 0 0 0 0 0 0 0 0 0 0 1
0 0 29 30 20 0 0 0 0 13 14 0 0 0 0 0 15 12 9 0 1 4 0 10 2 0 0 0 0 0 8 0 1 0 15 6 0 18 16 0 0 10 10 0 20 22 20 9 23
0 0 0 0 0 0 11 0 0 0 0 0 0 7 0 0 0 0 0 0 9 0 0 0 0 0 4 14 0 0 0 0 0 0 11 0 0 0 0 0 22 14 10 15 0 9 9 39 28
0 0 0 0 0 22 10 0 2 0 0 0 0 8 4 0 0 0 0 0 0 0 0 13 14 21 6 15 0 0 8 23 32 11 20 0 0 0 13 18 20 15 0 0 0 10 32 29 22
0 2 0 0 12 14 13 0 1 0 0 0 12 38 0 0 0 0 0 0 2 0 0 0 0 0 0 11 0 0 0 0 0 0 0 0 0 0 0 0 0 4 0 0 0 0 0 0 0
0 0 0 0 0 0 0 0 0 0 0 0 0 0 0 0 0 0 0 0 0 0 0 0 0 0 0 0 0 0 0 0 0 0 0 0 0 0 0 0 0 0 0 0 0 0 0 0 0
0 0 0 0 0 0 0 0 0 0 0 0 0 0 0 0 0 0 0 0 0 0 0 0 0 1 0 0 0 0 0 0 0 0 0 0 0 0 0 0 0 0 0 0 0 0 0 0 0
0 0 0 0 0 0 0 0 0 0 0 0 0 0 0 0 0 0 0 0 0 0 0 0 0 0 0 0 0 0 0 0 0 0 0 0 0 0 0 0 0 0 0 0 0 0 0 0 0
4 17 0 0 0 0 0 33 46 11 0 0 12 23 28 26 0 0 0 4 11 27 25 4 13 0 11 21 9 9 20 22 25 33 35 0 0 18 23 9 12 11 0 0 7 18 0 12 15
0 0 0 0 0 0 0 0 0 0 0 0 0 0 0 0 0 0 0 0 0 0 0 0 0 0 0 0 0 0 0 0 0 0 0 0 0 0 0 0 0 0 0 0 0 0 0 6 20
0 0 0 0 0 0 0 0 9 0 0 0 0 0 0 0 0 0 0 0 0 0 0 0 0 0 0 0 0 0 0 0 0 0 0 0 0 0 0 0 0 0 0 0 0 0 0 30 20
16 27 20 6 14 39 34 9 23 2 0 0 31 47 9 0 2 0 6 17 22 0 0 1 0 2 12 23 14 0 0 0 0 12 28 15 13 16 0 23 30 37 27 37 29 15 35 41 36
0 2 0 0 0 0 0 12 9 12 4 0 0 0 16 15 13 15 11 4 8 10 6 0 0 0 0 14 0 0 0 0 0 0 4 0 0 0 0 0 0 0 0 9 1 12 1 0 0
33 14 0 0 0 16 19 35 19 0 0 0 19 38 10 0 0 0 0 4 29 0 0 0 0 0 11 23 11 0 0 0 0 1 16 25 0 0 0 0 0 7 26 23 0 0 0 0 0
0 0 0 0 0 0 0 0 0 0 0 0 9 12 0 0 0 8 0 10 9 0 0 1 11 0 0 0 0 0 0 0 0 0 0 0 0 0 0 0 6 9 4 0 0 0 0 0 0
0 0 0 0 0 0 0 0 0 0 0 0 0 0 0 0 0 0 0 0 0 0 0 0 0 0 0 0 0 0 0 0 0 0 0 0 0 0 0 0 0 0 0 0 0 0 0 0 0
0 20 0 0 0 0 0 7 7 0 0 0 15 22 0 0 0 0 0 0 0 0 0 0 0 0 0 15 0 0 0 0 0 0 21 0 0 0 0 0 8 25 21 13 2 0 13 33 37
0 0 0 0 0 7 0 0 0 0 0 0 0 0 0 0 0 0 0 0 0 0 0 0 9 0 0 0 0 0 0 10 10 13 0 0 0 0 24 19 40 0 0 0 0 6 9 35 15
0 0 0 0 0 0 0 0 0 0 0 0 0 0 0 0 0 0 0 0 0 0 0 0 0 0 0 0 0 0 0 0 0 0 0 0 0 0 0 0 0 0 0 0 0 0 0 0 0
0 0 0 0 0 0 0 0 0 0 0 0 0 0 0 0 0 0 17 4 0 10 8 35 35 60 30 6 18 19 13 13 19 0 4 11 0 0 0 4 0 0 0 0 0 0 0 0 0
0 0 0 0 0 0 7 0 0 0 0 0 0 0 0 0 0 0 0 0 0 0 0 0 0 0 0 0 0 0 0 0 0 0 0 0 0 0 0 0 0 7 0 0 0 0 0 0 15
0 34 26 19 26 14 13 13 46 28 18 34 14 12 18 33 19 25 47 39 29 18 28 39 44 74 48 31 13 4 26 55 81 54 40 9 4 23 58 50 46 33 13 16 15 36 34 47 30
18 13 18 20 20 12 15 0 13 0 0 0 9 9 2 7 6 0 0 0 0 8 14 9 20 15 15 15 7 7 0 11 18 25 21 22 26 17 27 42 56 37 29 33 13 20 35 51 38
0 0 0 0 0 0 0 0 0 0 0 0 0 0 0 8 0 0 0 0 0 0 10 25 2 0 0 0 0 8 17 0 0 0 0 0 0 24 0 0 0 11 0 0 14 10 0 0 11
12 26 9 17 41 47 46 0 6 0 0 35 35 56 0 0 0 0 0 15 33 0 0 19 11 9 18 32 0 24 35 16 14 35 39 14 43 49 50 41 48 25 15 23 22 35 28 36 19
0 0 0 0 0 0 0 0 0 0 0 0 0 0 0 0 0 0 0 0 0 0 0 0 0 0 0 0 0 0 0 0 0 0 0 0 0 0 0 0 0 0 0 0 0 0 0 0 0
12 22 11 10 22 22 13 21 4 2 0 0 8 14 0 1 14 9 24 0 6 9 9 24 27 14 0 0 16 17 12 14 11 15 8 13 14 15 18 19 28 12 16 16 2 12 11 40 25
0 0 0 0 0 0 0 0 0 0 0 0 0 0 0 0 0 0 0 0 0 0 0 0 17 0 6 0 0 0 0 0 0 0 0 0 0 0 0 0 0 0 0 0 0 0 0 0 0
0 24 20 15 22 26 16 0 34 47 34 14 10 22 0 16 33 46 26 14 17 6 15 37 35 27 10 7 1 0 16 16 14 23 21 0 0 4 8 26 52 36 0 0 6 10 29 45 32
25 17 23 23 17 19 19 0 1 0 9 1 0 9 0 0 0 0 0 0 7 9 0 0 0 0 0 15 6 0 0 0 0 0 18 7 0 8 2 19 32 40 6 0 2 4 8 17 27
0 0 0 0 0 0 0 0 0 0 0 0 0 20 0 0 0 0 0 0 0 0 0 0 0 0 0 0 0 0 0 0 0 0 0 0 0 0 0 0 0 0 0 0 0 0 0 0 0
21 47 44 49 59 55 39 24 40 42 45 80 76 64 12 31 42 41 65 36 39 12 40 38 47 65 44 44 47 71 56 50 74 52 37 50 69 54 40 49 65 47 31 48 36 39 42 60 32
8 0 0 0 0 0 11 0 0 0 0 0 0 0 0 0 0 0 0 0 0 0 0 0 0 0 0 0 0 0 0 0 0 0 0 0 0 0 0 0 0 0 0 0 0 0 0 0 0
0 0 0 0 0 0 0 0 0 0 0 0 0 0 0 0 0 0 0 0 0 0 0 0 0 0 0 0 0 0 0 0 0 0 0 0 0 0 0 0 0 0 0 0 0 0 0 0 0
0 0 0 0 0 0 0 4 12 13 13 2 0 13 1 0 4 0 0 0 0 6 0 0 0 0 0 10 17 27 25 6 0 0 0 15 9 18 0 0 6 17 25 27 22 31 18 28 31
0 0 0 0 0 0 0 0 0 0 0 0 0 0 0 0 6 0 0 0 0 0 0 0 0 0 0 0 0 0 0 0 0 0 0 0 0 0 0 0 0 0 0 0 0 0 0 1 0
0 0 0 0 0 0 0 0 0 0 0 0 0 0 0 0 0 0 0 0 0 0 0 0 0 0 0 0 0 0 0 0 0 0 0 0 0 0 0 0 0 0 0 0 0 0 0 0 4
0 0 0 0 0 0 0 0 0 0 0 0 0 0 0 0 0 0 0 0 0 0 0 0 0 0 0 0 0 0 0 0 0 0 0 0 0 0 0 0 0 0 0 0 0 0 0 0 0
0 0 6 2 0 0 7 0 0 0 0 0 0 0 0 0 0 0 0 0 0 0 0 0 0 0 0 0 0 0 0 0 0 0 0 0 0 0 0 0 0 4 2 0 0 0 0 0 0
0 0 0 0 0 0 0 0 0 0 0 0 0 0 0 0 0 0 0 0 0 0 0 0 0 0 0 0 0 0 0 0 0 0 0 0 0 0 0 0 0 0 0 0 1 8 0 0 0
0 0 0 0 0 0 0 0 0 0 0 0 0 0 0 0 0 0 0 0 0 0 0 0 0 0 0 0 0 0 0 0 0 0 0 0 0 0 0 0 0 0 0 0 0 0 0 0 7
0 4 18 9 12 2 19 20 12 23 24 28 11 24 25 21 21 9 16 12 28 19 21 18 21 30 29 38 4 6 10 13 23 25 32 0 0 4 16 16 0 0 17 10 14 14 19 11 19
0 0 0 0 0 0 6 12 0 0 0 0 0 10 8 0 0 0 0 0 11 0 0 12 13 8 10 16 0 10 24 17 21 27 25 0 0 18 29 35 33 24 0 11 7 24 15 18 0
14 61 26 31 49 72 55 20 56 25 28 44 77 75 21 32 23 26 48 80 58 15 8 12 15 31 40 38 15 30 0 0 2 25 38 16 29 7 0 0 2 25 22 40 27 28 26 24 27
0 0 0 0 0 0 0 0 0 0 0 0 0 0 0 0 0 0 0 0 0 0 0 0 0 0 0 0 0 0 0 0 0 0 0 0 0 0 0 0 0 0 0 0 0 0 0 0 0
1 0 0 0 0 0 6 0 0 0 0 0 0 0 0 0 0 0 0 0 0 0 0 0 0 0 0 0 0 0 0 0 0 0 0 0 0 0 0 0 0 9 0 0 0 0 0 0 2
0 23 30 28 31 24 15 26 40 24 26 41 54 43 0 0 0 37 54 38 18 0 0 44 62 84 46 35 0 7 40 65 76 54 30 0 4 35 44 52 49 29 0 0 0 21 22 29 10
1 0 0 0 0 0 13 0 0 0 0 0 0 11 0 0 0 0 0 0 0 0 0 0 0 0 0 0 0 0 0 0 0 0 0 0 0 0 0 0 0 0 0 0 0 0 0 0 9
0 0 8 19 19 8 10 0 7 0 9 0 0 4 6 4 0 1 0 0 0 8 9 4 15 0 0 1 14 17 22 17 16 18 24 11 9 8 1 1 14 27 10 4 2 0 1 9 14
0 0 0 0 0 0 0 0 0 0 0 0 0 0 0 0 0 0 0 0 0 0 0 0 0 0 0 0 0 0 0 0 0 0 0 0 0 0 0 0 0 0 0 0 0 0 0 0 0
0 0 0 0 0 0 2 0 0 0 0 0 0 0 0 0 0 0 0 0 0 0 0 19 26 17 0 13 0 0 23 45 32 19 15 0 0 9 16 24 19 23 0 0 0 12 13 23 21
0 0 0 1 0 0 0 1 0 0 0 0 0 0 12 7 0 14 0 0 0 13 13 23 25 9 4 0 0 2 15 20 8 0 0 0 0 12 17 16 0 0 0 0 8 7 0 0 0
0 29 14 18 15 24 12 30 52 18 36 48 68 45 0 12 15 46 39 43 29 0 0 0 25 33 35 34 0 0 0 0 0 2 8 0 0 0 0 0 10 11 0 0 0 0 0 10 2
0 0 11 24 22 10 14 0 4 22 20 0 0 4 0 10 21 12 0 0 6 0 14 31 36 0 0 13 0 0 9 0 0 0 10 0 0 16 16 0 0 9 0 0 6 8 0 0 0
0 0 0 1 0 0 0 0 0 0 0 0 0 0 0 0 0 0 0 0 0 0 0 0 0 0 0 0 0 0 0 0 0 0 0 0 0 0 0 0 25 21 0 0 0 0 0 0 0
0 0 0 0 0 0 0 0 0 0 0 0 0 0 0 0 0 0 0 0 0 0 0 0 0 0 0 0 0 0 0 0 0 0 0 0 0 0 0 0 0 0 0 0 8 1 14 15 13
4 25 27 31 13 4 4 30 40 26 27 11 17 23 13 16 17 34 13 15 18 0 27 34 63 48 67 48 0 13 19 45 47 54 46 0 0 10 27 27 21 19 13 10 11 22 39 34 32
0 15 8 4 0 0 2 0 2 10 0 0 0 0 0 0 0 0 0 0 0 0 0 0 0 0 0 0 0 0 0 0 0 0 0 1 0 0 0 0 0 0 0 2 0 0 0 0 1
26 32 34 39 30 30 34 25 26 18 34 43 54 53 20 24 34 61 64 57 42 19 29 52 69 71 50 39 18 28 53 64 59 41 27 22 20 34 43 48 37 36 20 17 19 26 33 40 40
0 0 0 0 0 0 0 0 0 0 0 0 0 0 0 0 0 0 0 0 0 0 0 0 0 0 0 0 0 0 0 0 0 0 0 0 0 0 0 0 0 0 0 0 0 0 0 0 0
2 0 8 0 0 0 7 0 0 0 0 0 0 0 0 0 0 0 0 0 0 0 0 0 0 0 0 0 0 0 0 0 0 0 1 0 0 0 0 0 0 0 0 0 0 0 0 0 17
0 0 0 0 0 0 0 0 0 0 0 0 0 0 0 0 0 0 0 0 0 0 0 0 0 0 0 0 0 0 0 0 0 0 0 0 0 0 0 0 0 0 0 0 0 0 0 0 2
0 0 0 0 0 0 0 0 0 0 0 0 0 0 0 0 0 0 0 0 0 0 0 0 0 0 0 0 0 0 0 0 0 0 0 0 0 0 0 0 0 0 0 0 0 0 0 0 0
0 0 0 0 0 0 0 0 0 0 0 0 0 0 0 0 0 0 0 0 0 0 0 0 0 0 0 0 0 0 0 0 0 0 0 0 0 0 0 0 0 0 0 0 0 0 0 0 0
20 1 0 0 23 26 34 33 49 36 40 81 70 79 25 57 82 96 107 88 73 19 64 100 128 121 80 64 16 62 90 129 109 101 60 14 56 83 98 97 65 44 18 43 43 57 59 44 32
0 0 0 0 0 0 0 0 0 0 0 0 0 0 0 0 0 0 0 0 0 0 0 4 0 0 0 0 0 0 0 0 0 0 0 0 0 0 0 0 0 0 0 0 0 0 0 0 0
0 0 0 0 0 0 0 0 0 0 0 0 0 0 0 0 0 0 0 0 0 0 0 0 0 0 0 0 0 0 0 0 0 0 0 0 0 0 0 0 0 0 0 0 0 0 0 0 0
0 0 0 0 0 0 0 0 0 0 0 0 0 0 0 0 0 0 0 0 0 0 0 0 0 0 0 0 0 0 0 0 0 0 0 0 0 0 0 0 0 0 0 0 0 0 0 0 0
0 0 0 0 0 0 0 0 0 0 0 0 0 0 0 0 0 0 0 0 0 0 0 0 0 0 0 0 0 0 0 0 0 0 0 0 0 0 0 0 0 0 0 0 0 0 0 0 0
0 0 0 0 0 0 0 0 0 0 0 0 0 20 0 0 0 0 0 0 6 0 0 0 0 0 0 6 0 0 0 0 0 0 0 0 0 0 0 0 0 2 0 0 7 1 2 7 10
47 28 44 41 46 68 39 38 41 50 55 59 60 42 38 39 47 62 66 80 51 34 47 78 85 100 82 63 23 30 69 96 104 86 59 9 0 41 65 65 49 36 20 19 36 52 58 63 41
35 76 66 52 49 53 46 38 68 64 35 42 61 44 31 61 63 33 15 32 19 29 43 56 37 40 44 25 31 48 45 47 47 39 18 34 64 46 54 58 52 24 30 42 27 35 37 32 15
0 0 0 0 0 0 0 0 0 0 0 0 0 0 0 0 0 0 0 0 0 0 0 0 0 0 0 0 0 0 0 0 0 0 0 0 0 0 0 0 0 0 0 0 0 22 11 28 30
0 0 0 0 0 0 0 0 0 0 0 0 0 0 0 0 0 0 0 0 0 0 0 0 0 0 0 0 0 0 0 0 0 0 0 0 0 0 0 0 0 0 0 0 0 0 0 0 2
0 0 0 0 0 0 0 0 0 0 0 0 0 0 0 0 0 0 0 0 0 0 0 0 0 0 0 0 0 0 0 0 0 0 0 0 0 0 0 0 0 0 1 0 0 0 0 0 0
0 0 0 0 0 0 0 0 0 0 0 0 0 0 0 0 0 0 0 0 0 0 0 0 0 0 0 0 0 0 0 0 0 0 0 0 0 0 0 0 0 0 0 0 0 0 0 0 0
0 0 0 0 16 16 30 0 0 0 0 0 0 7 0 0 0 0 0 0 6 0 0 0 0 0 0 11 0 0 0 0 0 0 11 20 12 0 0 0 0 12 8 2 0 0 0 0 1
0 0 0 0 0 0 0 31 23 0 0 0 19 29 6 0 0 1 0 0 0 4 0 13 6 38 28 21 0 0 0 0 13 4 0 0 0 0 0 0 0 2 0 0 0 0 0 0 15
0 0 7 11 0 0 0 1 17 18 14 0 0 6 21 23 30 40 22 0 12 15 22 22 22 21 11 12 6 4 10 9 0 0 0 0 0 21 15 0 0 0 10 12 30 30 27 27 21
0 0 0 0 0 0 0 0 0 0 0 0 0 0 0 0 0 0 0 0 0 0 0 0 0 0 0 0 0 0 0 0 0 0 0 0 0 0 0 0 0 0 0 0 0 0 0 0 0
1 0 0 10 24 19 0 0 0 0 0 17 32 14 6 0 0 0 4 7 10 4 0 0 0 0 0 0 13 0 0 0 0 0 0 25 22 19 15 23 28 17 14 16 20 15 19 21 19
43 75 43 46 44 47 36 74 108 65 70 72 87 66 37 58 54 74 55 65 35 15 35 38 47 36 45 39 0 12 12 24 28 44 30 2 17 14 20 45 76 56 15 27 14 26 39 63 33
0 6 0 0 6 2 0 0 0 0 0 0 0 0 0 0 0 0 0 0 0 0 0 0 0 0 0 0 0 0 0 0 0 0 0 0 0 0 0 0 0 0 0 0 0 0 0 8 7
0 0 0 0 0 0 0 0 0 0 0 0 0 0 0 0 0 0 0 0 0 0 0 0 0 0 0 0 0 0 0 0 0 0 0 0 0 0 0 0 0 0 0 0 0 0 0 0 0
9 22 13 26 26 35 21 0 7 25 30 40 48 42 0 0 0 0 0 0 13 0 0 0 0 0 0 0 0 0 0 0 0 0 1 0 0 0 0 0 0 10 0 0 0 0 0 12 15
11 21 14 23 21 25 13 0 2 0 0 0 9 7 0 0 0 0 0 1 0 0 0 0 0 0 0 0 0 0 0 0 0 0 0 1 0 0 0 0 4 14 4 0 0 0 0 0 0
0 0 0 0 0 0 0 0 0 0 0 0 0 0 0 0 0 0 0 0 0 0 0 0 0 0 0 0 0 0 0 4 0 0 0 0 0 1 0 1 0 0 0 0 0 20 0 0 2
0 0 0 0 0 0 0 0 0 0 0 0 0 0 0 0 0 0 0 0 0 0 0 0 0 0 0 0 0 0 0 0 0 0 0 0 0 0 0 0 0 0 0 0 0 0 0 0 0
0 0 0 0 0 0 0 0 0 0 0 0 0 0 0 0 0 0 0 0 0 0 0 0 0 0 0 0 0 0 0 0 0 0 0 0 0 0 0 0 0 0 0 0 0 0 0 0 0
0 0 0 0 0 0 0 0 0 0 0 0 0 0 0 0 0 0 0 0 0 0 0 0 0 0 0 0 0 0 0 0 0 0 0 0 0 0 0 0 0 0 0 0 0 0 0 0 0
0 0 0 0 0 0 23 0 0 0 0 0 0 0 0 0 0 0 0 0 0 0 0 0 0 0 0 0 0 0 0 0 0 0 0 0 0 0 0 0 0 0 0 0 0 0 0 0 8
24 63 0 11 0 17 29 17 79 43 30 18 49 38 17 55 38 42 17 49 42 14 35 8 18 19 48 36 0 9 0 0 0 34 35 0 0 0 0 0 0 30 0 6 0 0 0 20 29
0 0 0 0 0 0 0 0 0 0 0 0 0 0 0 0 0 0 0 0 0 0 0 0 0 0 0 0 0 0 0 0 0 0 0 0 0 0 0 0 0 0 0 0 0 0 0 0 0
0 0 1 0 0 0 0 9 36 44 42 29 15 30 19 38 57 57 22 13 19 12 30 63 56 36 22 24 14 18 50 58 49 55 36 12 13 41 56 58 55 22 11 16 23 39 39 45 24
42 54 23 41 61 89 80 35 28 4 14 56 92 84 0 0 0 0 24 40 43 0 0 0 0 16 20 29 0 0 0 0 0 0 17 28 16 7 0 38 34 35 36 35 14 14 28 41 37
19 12 27 17 21 15 29 0 14 4 0 10 0 38 0 0 0 8 12 0 13 0 4 7 27 40 31 28 4 1 0 16 36 16 16 0 0 0 0 12 4 6 2 0 0 0 0 0 7
1 0 0 0 0 0 0 17 0 0 0 0 0 11 12 0 0 0 0 0 6 8 8 11 11 0 0 11 0 0 2 4 0 0 9 0 0 0 0 0 0 14 14 16 0 1 0 13 25
0 0 0 0 0 0 0 0 0 0 0 0 0 0 0 0 0 0 0 0 0 0 0 0 0 0 0 0 0 0 0 0 0 0 0 0 0 0 0 0 0 0 0 0 0 0 0 0 0
19 32 32 26 22 30 29 0 0 0 0 0 0 4 0 0 4 0 0 0 2 0 0 8 14 0 4 4 0 0 4 6 0 20 24 0 0 6 12 0 34 34 2 0 1 7 11 30 27
0 0 0 0 0 0 0 0 0 0 0 0 0 0 0 0 0 0 0 0 0 0 0 0 0 0 0 0 0 0 0 0 0 0 0 0 0 0 0 0 4 7 2 0 19 17 31 29 27
0 0 0 0 0 0 0 0 0 0 0 0 0 8 0 0 0 0 0 0 6 0 0 0 0 0 1 17 0 0 0 0 0 0 0 0 0 0 0 0 16 17 13 17 6 7 0 15 24
0 0 0 0 0 0 0 0 0 0 0 0 0 0 0 0 0 0 0 0 0 0 0 0 0 0 0 0 0 0 0 0 0 0 0 0 0 0 0 0 0 0 0 0 0 0 0 0 0
0 15 19 25 0 0 0 0 0 0 0 0 0 0 0 0 0 0 0 0 0 0 0 0 0 0 0 0 0 0 0 0 0 0 0 0 0 0 0 0 0 6 0 0 0 0 6 9 19
0 2 0 0 0 0 14 0 0 0 0 0 0 0 0 0 0 0 0 0 0 0 0 0 0 0 0 2 0 0 0 0 0 0 0 0 0 0 0 0 0 0 0 0 0 0 0 0 0
0 0 0 0 8 2 0 0 17 12 14 9 0 0 0 0 0 0 0 0 0 0 0 0 0 0 4 0 0 0 0 0 0 11 6 0 0 0 0 1 47 44 0 0 0 0 0 27 17
0 0 0 0 0 0 0 0 0 0 0 6 0 18 0 0 0 0 0 0 1 0 0 0 0 0 0 7 0 0 0 0 0 0 9 0 0 0 0 0 0 0 0 0 0 0 0 0 10
0 0 0 0 0 0 0 0 0 0 0 0 0 0 0 0 0 0 0 0 0 0 0 0 0 0 0 0 0 0 0 0 0 0 0 0 0 0 0 0 0 0 0 0 0 0 0 0 4
0 0 0 0 0 0 23 0 0 0 0 0 0 0 0 8 27 33 12 0 0 7 28 28 17 0 0 0 12 42 38 13 0 0 0 20 29 21 0 0 0 9 12 12 14 0 0 0 6
0 0 0 0 0 0 0 0 0 0 0 0 0 4 0 0 0 0 0 0 0 0 0 0 0 0 0 0 0 0 0 0 0 0 0 0 0 23 8 0 0 0 0 4 21 35 32 40 18
0 0 0 0 0 0 0 0 0 0 0 0 0 0 0 0 0 0 0 0 0 0 0 0 0 0 0 0 0 0 0 0 0 0 0 0 0 0 0 0 0 0 0 0 0 0 0 4 19
10 0 0 0 0 0 9 0 0 0 0 0 0 0 0 0 0 0 0 0 0 0 0 0 0 0 0 0 0 0 0 0 0 0 0 1 0 0 0 0 0 15 15 18 0 0 0 24 21
0 0 0 0 0 0 0 0 0 0 0 0 0 0 0 0 0 0 0 0 0 0 0 0 0 0 0 0 0 0 0 0 0 0 0 0 0 0 0 0 0 0 0 0 0 0 0 0 0
0 0 0 0 0 0 0 0 0 0 0 0 0 2 0 0 0 0 0 0 0 0 0 0 0 0 0 0 0 0 0 0 0 0 0 0 0 0 0 0 0 0 7 9 2 0 1 21 10
0 0 0 0 0 0 0 0 0 0 0 0 0 0 0 0 0 0 0 0 0 0 0 0 0 0 0 4 0 0 0 0 0 0 7 0 0 0 0 0 0 23 0 0 0 0 0 15 6
4 6 9 14 0 0 8 0 0 0 0 0 0 0 0 0 0 0 0 0 0 0 0 0 0 0 0 2 0 0 0 0 0 0 1 0 0 0 0 0 9 30 0 0 0 0 0 1 10
0 0 0 0 0 0 0 0 0 0 0 0 0 0 0 0 0 0 0 0 0 0 0 0 0 0 0 4 1 0 0 0 0 0 0 0 0 0 0 0 0 0 7 0 0 0 0 13 8
0 0 0 0 0 0 0 0 0 0 0 0 0 0 0 0 0 0 0 0 0 0 0 0 0 0 0 0 0 0 0 0 0 0 0 0 0 0 0 0 0 0 0 0 0 0 0 0 0
1 0 0 6 0 0 0 0 0 0 0 0 0 0 0 0 0 0 0 0 0 0 0 0 0 0 0 0 0 0 0 0 0 0 0 0 0 0 0 0 0 0 0 0 0 0 0 0 0
22 14 37 40 38 33 19 0 0 0 21 13 7 9 0 0 18 37 17 0 0 0 0 9 27 28 0 0 0 0 0 0 0 0 0 0 0 0 0 0 0 13 0 0 0 0 0 0 1
0 0 12 24 13 0 0 0 0 0 0 0 0 17 0 0 0 0 0 0 17 0 0 9 0 0 0 6 13 0 22 0 0 0 1 7 4 12 0 0 0 0 7 0 0 0 0 0 0
2 0 0 0 0 0 0 0 0 0 0 0 0 0 0 0 0 0 0 0 0 0 0 0 0 0 0 0 0 0 0 0 0 0 0 6 8 13 0 0 0 0 2 0 4 0 0 0 0
11 40 0 0 0 26 39 7 24 0 0 0 6 30 4 9 26 15 1 0 15 7 9 24 21 37 0 15 20 9 11 18 56 11 35 0 0 0 0 34 9 30 0 0 0 0 1 11 31
22 18 1 6 13 24 39 0 0 0 0 0 0 11 0 0 0 0 0 0 4 0 0 0 0 15 12 32 0 0 0 12 15 29 41 0 0 11 24 19 44 51 0 18 4 11 0 32 26
17 2 6 0 11 14 17 0 0 0 0 12 13 33 0 0 0 0 0 0 0 0 0 0 0 0 0 0 0 0 0 0 0 0 4 1 0 0 0 12 13 0 0 6 0 9 18 0 10
0 0 0 0 0 0 0 0 0 0 0 0 0 0 0 0 0 0 0 0 0 0 0 0 0 0 0 0 0 0 0 0 0 0 1 0 0 0 0 12 17 18 0 0 0 17 19 20 6
0 0 0 0 0 0 0 0 0 0 0 0 2 22 0 0 0 0 0 0 2 0 0 0 0 0 0 4 0 0 0 0 0 0 0 0 0 0 0 0 0 15 0 0 0 0 0 0 1
45 50 33 24 25 36 35 44 64 34 27 29 26 24 50 58 54 74 60 41 16 41 45 61 82 98 55 20 30 38 63 94 84 46 21 21 25 46 66 53 29 13 16 13 16 28 25 19 15
1 0 24 23 23 0 16 6 8 12 9 9 2 22 21 25 28 22 34 26 39 18 24 29 42 54 49 46 13 32 44 54 53 39 27 1 9 28 29 24 13 6 17 20 21 19 23 30 22
0 0 0 0 0 8 14 0 0 0 0 7 25 38 0 0 0 0 19 31 43 0 0 0 16 30 42 42 0 0 0 9 0 18 24 0 22 18 6 0 33 29 10 20 28 26 30 30 18
0 0 0 0 0 0 0 0 0 0 0 0 0 0 0 0 0 0 0 0 0 0 0 0 0 0 0 0 7 0 0 0 0 0 0 0 0 0 0 0 0 0 2 4 0 0 0 0 8
0 0 0 0 0 0 0 0 0 0 0 0 0 0 0 0 0 0 0 0 0 0 0 0 0 0 0 0 0 0 0 0 0 0 0 0 0 0 0 0 0 0 0 0 0 0 0 0 0
0 23 0 0 0 1 0 0 0 0 0 0 0 0 0 0 0 0 0 0 4 0 0 0 0 0 0 0 2 0 0 0 0 0 2 0 0 1 11 18 0 0 0 1 8 27 17 11 8
0 0 0 0 0 0 0 0 0 0 0 0 0 0 0 0 0 0 0 0 0 0 0 0 0 0 0 0 2 0 0 0 0 0 0 0 0 0 0 0 0 21 16 2 0 0 0 19 33
0 0 0 0 0 0 0 0 0 0 0 0 0 1 0 0 0 0 0 0 0 0 0 0 0 0 0 0 0 0 0 0 0 0 0 0 0 0 0 0 0 0 0 11 6 11 15 30 21
28 28 16 22 19 4 9 14 27 0 24 30 0 7 0 0 0 35 43 22 14 0 0 25 38 24 22 13 0 0 19 24 13 28 17 11 20 26 45 28 42 23 6 14 18 27 18 22 11
0 0 0 0 0 0 0 0 0 0 0 0 0 0 0 0 0 0 0 0 0 0 0 0 0 0 0 8 0 0 0 0 6 4 12 0 0 0 0 0 1 4 0 0 0 9 22 23 14
8 0 0 7 0 0 0 0 0 9 11 13 0 1 0 0 6 26 21 2 2 0 0 34 36 33 11 6 0 12 40 52 39 7 9 0 18 57 65 48 23 14 12 23 31 35 29 4 6
0 0 0 0 0 0 0 0 0 0 0 0 0 0 0 0 0 0 0 0 0 0 0 0 0 0 0 0 0 0 0 0 0 0 0 0 0 0 0 0 0 0 0 0 0 0 0 0 0
0 15 0 0 0 0 0 0 0 0 0 0 0 0 0 0 0 1 0 0 0 0 0 0 0 0 0 0 0 0 0 0 0 0 0 0 0 0 0 0 0 0 0 0 0 0 7 13 13
48 69 26 13 27 45 41 54 71 39 34 53 78 65 14 25 18 23 45 57 54 0 6 25 24 56 56 55 0 28 55 64 62 67 55 18 63 61 79 87 108 81 13 50 45 58 62 82 59
0 0 0 0 0 0 0 0 0 0 0 0 0 0 0 0 0 0 0 8 0 0 0 0 0 21 23 13 0 0 0 0 0 0 0 0 0 0 0 0 0 0 0 0 0 0 0 0 0
0 0 0 7 9 15 26 0 0 0 0 0 0 8 0 0 0 0 0 0 1 0 0 7 23 0 0 8 0 0 12 10 1 0 2 0 0 23 27 10 4 0 0 11 21 26 15 0 0
0 0 0 0 0 0 6 0 0 0 0 0 0 0 0 0 0 0 0 0 0 0 0 0 0 0 0 0 0 0 0 0 0 0 0 0 0 0 0 0 0 0 0 0 0 0 0 0 0
0 0 0 0 0 0 0 0 0 0 0 0 0 0 0 0 0 0 0 0 0 0 0 0 0 0 0 0 0 0 0 0 0 0 0 0 0 0 0 0 0 0 0 0 0 0 0 0 0
39 37 36 49 56 71 53 42 37 35 54 69 79 64 23 26 36 48 41 55 42 18 19 51 73 70 71 48 12 12 14 45 45 41 41 0 0 0 35 44 30 31 8 0 2 19 30 29 28
12 20 13 10 10 18 16 8 22 26 15 30 35 22 0 25 45 35 32 23 12 0 14 54 48 37 24 13 0 0 16 14 22 21 19 0 0 4 22 35 26 17 0 0 0 9 25 32 19
0 18 25 32 32 19 20 0 11 23 28 29 12 24 0 0 20 39 35 0 8 0 0 12 17 17 0 9 0 8 0 0 0 0 18 0 0 0 0 0 0 27 0 0 0 0 0 11 18
0 0 0 0 0 0 0 0 0 0 0 0 0 0 0 0 0 0 0 0 0 0 0 0 0 0 0 0 0 0 0 0 0 0 0 0 0 0 0 0 0 0 0 0 0 0 0 0 0
0 0 0 0 0 0 0 0 0 0 0 0 0 0 0 0 0 0 0 0 0 0 0 0 0 0 0 0 0 0 0 0 0 0 0 0 0 0 0 0 0 0 0 0 0 0 0 0 18
1 10 8 1 0 0 7 0 0 0 0 0 0 8 0 0 11 21 22 13 14 7 15 27 22 15 0 15 0 12 19 24 0 0 11 0 0 7 14 0 0 7 11 22 23 25 26 14 20
0 1 7 12 8 0 8 0 0 0 0 0 0 6 0 0 0 0 0 0 0 0 0 0 0 0 0 0 0 0 0 0 0 0 0 0 0 0 0 0 0 11 0 0 0 0 0 0 0
0 0 0 0 0 0 0 0 0 0 0 0 0 0 0 0 0 0 0 0 0 0 0 0 0 0 0 0 0 0 0 0 0 0 1 0 0 0 0 0 0 0 0 0 0 0 0 0 0
0 0 0 0 0 0 0 0 0 0 0 0 0 0 0 0 0 0 0 0 0 0 0 0 0 0 0 0 0 0 0 0 0 0 0 0 0 0 0 0 0 0 0 0 0 0 0 0 0
0 0 0 0 0 11 6 0 0 0 18 33 45 34 0 0 25 53 46 53 31 1 0 23 37 42 53 36 13 16 29 41 48 40 32 12 18 29 37 29 21 30 14 24 33 45 37 34 32
0 0 0 0 0 0 0 0 0 20 6 2 0 0 0 0 10 25 7 0 0 0 0 0 0 0 0 0 0 0 0 0 0 0 0 0 0 0 0 10 4 8 0 2 9 22 23 34 33
0 0 0 0 0 0 0 0 0 0 0 0 0 0 0 0 0 0 0 0 0 0 0 0 0 0 0 0 0 0 0 0 0 0 0 0 0 0 0 0 0 0 0 0 0 0 0 0 0
0 0 0 0 0 0 0 0 0 0 0 0 0 0 0 0 0 0 0 0 0 0 0 0 0 0 0 0 0 0 0 0 0 0 0 0 0 0 0 0 0 0 0 0 0 0 0 0 0
35 34 55 66 81 65 45 0 4 18 27 50 24 27 7 0 0 13 19 36 25 0 0 8 14 21 38 40 10 23 18 32 22 30 39 7 0 6 0 0 4 24 0 0 0 0 0 0 0
0 0 0 0 0 0 0 0 0 0 0 0 0 0 0 0 0 0 0 0 0 4 0 0 0 0 0 0 1 0 0 0 0 0 0 0 0 0 0 0 0 0 0 0 0 0 0 4 9
0 0 0 0 0 0 18 0 0 0 0 15 9 34 0 0 0 17 14 0 28 0 0 0 19 18 18 33 0 15 0 17 0 18 29 0 12 0 0 0 0 21 0 20 0 0 12 15 34
0 0 0 0 0 0 0 0 23 0 0 0 0 0 0 17 0 13 0 0 0 11 12 9 18 0 0 0 0 0 0 0 0 0 0 0 0 0 0 0 0 0 0 0 2 12 0 6 1
0 0 0 0 0 0 7 0 0 0 0 0 0 0 0 0 0 0 0 0 0 0 0 0 0 0 0 0 0 0 0 0 0 0 0 0 0 0 0 0 0 0 0 0 0 0 0 0 0
8 12 18 22 16 15 6 0 10 27 28 12 0 0 0 2 21 40 28 28 14 0 1 8 26 26 22 10 1 2 4 11 9 4 0 2 2 0 0 0 0 10 0 0 0 0 0 0 0
0 0 0 0 0 0 0 8 18 0 0 0 0 24 1 0 0 1 11 25 18 2 2 0 0 13 28 20 0 15 6 17 13 17 14 0 17 6 8 21 14 8 0 12 0 0 0 12 17
0 0 0 0 0 0 0 0 0 0 0 0 0 0 0 0 0 0 0 0 0 0 0 0 0 0 0 0 0 0 0 0 0 0 0 0 0 0 0 0 0 19 0 0 0 0 0 11 15
0 0 0 0 0 0 0 0 0 0 0 0 0 0 0 0 0 0 0 0 0 0 0 0 0 0 0 0 0 0 0 0 0 0 0 0 0 0 0 0 0 15 2 0 0 0 0 4 8
0 0 0 0 11 4 0 0 0 0 0 0 0 0 0 0 0 0 0 0 0 0 0 0 0 0 0 7 0 0 0 0 10 46 32 0 0 0 4 17 34 28 0 0 9 25 16 24 6
18 0 0 0 0 0 0 25 0 0 0 0 0 4 0 0 0 0 0 0 0 0 0 0 0 0 0 0 0 0 0 0 0 0 0 0 0 0 0 0 0 0 0 0 0 1 0 10 16
0 0 0 0 0 0 0 0 0 0 0 0 0 0 0 0 0 0 0 0 0 0 0 0 0 0 0 0 0 0 0 0 0 0 0 0 0 0 0 0 0 0 0 0 0 0 0 0 0
0 0 0 0 0 0 0 0 0 0 0 0 0 0 0 0 0 0 0 0 0 0 0 0 0 0 0 0 6 0 0 0 0 0 0 0 0 0 0 0 0 0 13 0 0 0 0 0 0
24 17 0 9 13 32 22 21 0 0 0 0 33 23 0 0 0 0 1 20 4 7 0 8 15 15 22 0 9 0 12 17 19 20 15 19 17 23 48 55 61 31 16 12 22 45 40 46 21
0 0 11 12 10 0 0 0 0 0 0 0 0 0 0 0 0 0 0 0 0 0 0 0 0 0 0 0 0 0 0 0 0 0 0 0 0 0 0 0 0 0 0 0 0 0 0 0 0
16 16 25 27 6 0 0 7 22 22 17 0 0 0 2 9 0 0 0 0 0 0 0 0 0 0 0 7 0 0 0 0 0 0 0 0 0 0 0 0 0 1 0 0 0 0 0 0 0
0 0 0 0 0 0 0 0 0 0 0 0 0 0 0 0 0 0 0 0 0 0 0 0 0 0 0 0 0 0 0 0 0 0 0 0 0 0 0 0 0 0 0 0 0 0 0 0 0
17 0 0 0 0 0 0 0 0 0 0 0 0 0 0 0 0 28 20 6 2 0 0 0 45 30 4 0 0 0 0 47 36 30 10 0 0 0 20 19 32 17 0 0 0 10 29 51 33
0 0 0 0 0 0 0 0 0 0 0 0 0 0 0 0 0 0 0 0 0 0 0 0 0 0 0 0 0 0 0 0 0 0 0 0 0 0 0 0 0 0 0 0 0 0 0 0 0
0 0 0 0 0 0 0 0 0 0 0 0 0 0 0 0 0 0 0 0 0 0 0 0 0 0 0 0 0 0 0 0 0 0 4 0 0 0 0 0 0 0 0 9 0 0 0 24 28
0 0 0 0 0 0 0 0 0 0 0 0 0 21 0 0 0 0 8 0 16 0 0 0 0 4 0 13 6 0 0 0 0 0 9 2 0 11 0 0 0 27 10 13 12 21 21 27 21
65 65 32 48 47 77 42 46 40 24 36 20 44 42 23 13 21 31 27 28 17 12 0 16 1 4 20 27 19 7 14 18 32 40 37 31 31 16 40 30 52 37 29 20 20 37 40 59 35
22 11 0 0 0 0 0 4 0 0 0 0 0 21 0 0 0 0 0 0 17 0 0 0 0 8 17 25 2 0 0 0 0 11 13 10 0 0 9 11 2 13 20 10 10 15 24 29 30
0 26 0 15 15 19 11 15 18 16 11 2 0 0 6 13 6 13 2 0 0 0 0 0 16 16 14 4 0 0 0 0 0 8 2 0 8 1 12 0 21 1 0 8 7 18 6 0 4
0 0 0 0 0 0 0 0 0 0 0 0 0 0 0 0 0 0 0 0 0 0 0 0 0 0 0 0 0 0 0 0 0 0 0 0 0 0 0 0 0 0 0 0 0 0 0 4 8
0 0 6 11 0 4 0 0 0 0 0 0 0 0 0 8 21 30 32 14 26 6 6 0 24 31 17 31 15 22 23 43 36 23 27 15 12 24 22 29 35 25 4 0 17 19 14 10 8
6 0 0 0 0 0 26 0 0 0 0 0 0 17 0 0 0 11 0 0 12 0 0 0 0 0 0 0 0 0 0 0 0 0 0 0 0 0 0 0 0 0 0 0 0 0 0 0 12
43 41 17 8 10 6 23 25 13 0 0 0 1 31 0 0 0 0 0 0 13 0 0 0 0 0 0 2 0 0 0 0 0 0 0 14 12 0 0 0 0 4 7 0 2 0 0 0 13
6 20 17 17 17 14 27 0 0 0 0 0 0 11 0 0 0 0 0 0 9 0 0 0 2 0 0 9 0 0 0 0 0 0 19 0 4 0 0 0 0 23 0 0 0 0 0 0 17
0 0 0 0 0 0 0 0 0 0 0 0 0 0 0 0 0 0 0 0 0 0 0 0 0 0 0 0 0 0 0 0 0 0 0 0 0 0 0 0 0 0 0 0 0 0 0 0 0
0 31 0 4 0 8 0 0 16 0 0 0 0 0 0 2 13 28 9 10 0 0 17 38 56 35 29 19 0 0 16 38 44 51 28 0 13 13 34 22 50 30 0 0 0 22 2 12 0
48 60 53 52 31 0 8 19 36 30 39 21 0 0 8 26 38 82 69 37 16 1 10 40 77 65 51 26 0 15 37 66 51 52 18 0 11 34 53 56 31 14 2 17 15 14 22 16 22
8 18 0 0 0 40 49 9 22 1 6 25 70 62 0 0 0 0 0 19 29 0 0 0 0 0 15 21 0 0 0 0 0 20 36 0 2 0 0 0 18 28 0 0 0 0 6 48 38
0 0 0 0 0 0 0 0 0 0 0 0 0 0 0 0 0 0 0 0 0 0 0 0 0 0 0 0 0 0 0 0 0 0 0 0 0 0 0 0 0 21 0 0 0 0 0 0 2
0 0 0 0 0 0 0 0 0 0 0 0 0 0 0 0 0 0 0 0 0 0 0 0 0 0 0 0 0 0 0 0 0 0 0 0 0 0 0 0 0 0 1 0 0 0 0 0 0
0 13 0 0 0 0 11 23 44 0 1 15 25 38 2 39 15 39 15 7 0 0 27 20 35 44 29 25 0 13 14 36 39 32 21 0 0 0 0 0 0 6 0 10 0 6 0 0 0
0 0 0 0 0 0 0 0 0 0 0 0 0 0 0 0 0 0 0 0 0 0 0 0 0 0 0 0 0 0 0 0 0 0 0 0 0 0 0 0 0 0 0 0 0 0 0 0 0
0 0 1 0 0 0 6 6 17 0 0 0 13 25 0 0 2 1 0 0 0 0 0 0 0 0 0 0 0 0 0 0 0 0 0 0 0 0 0 0 15 17 0 6 8 21 17 31 24
15 65 38 46 45 29 41 32 71 25 22 56 59 65 40 54 19 45 81 74 72 24 42 13 66 80 60 63 8 22 1 67 56 51 35 30 50 4 26 25 25 14 18 47 4 19 11 14 22
1 0 10 4 13 0 6 21 13 15 15 28 27 30 27 23 28 15 15 12 23 19 26 22 0 1 0 18 10 9 19 4 7 8 15 0 0 0 0 0 0 12 17 19 18 20 32 36 33
19 49 31 23 1 0 0 11 27 32 30 20 20 10 9 6 23 19 0 0 0 0 0 17 0 0 0 1 0 0 0 0 0 0 0 0 0 0 0 0 0 14 0 0 0 0 0 0 0
0 0 0 0 0 0 0 8 34 0 0 0 0 2 8 15 13 12 2 17 6 4 0 11 8 6 13 15 0 0 0 0 0 0 9 0 0 0 0 0 0 0 0 0 0 0 0 2 13
0 0 0 0 0 2 13 0 0 0 0 0 0 0 0 0 0 0 0 0 0 0 0 0 0 0 0 0 0 0 0 0 0 0 0 0 0 0 0 0 0 0 0 0 0 0 0 0 0
0 0 0 0 0 0 0 0 0 0 0 0 0 0 0 0 0 0 0 0 0 0 0 0 0 0 0 0 0 0 0 0 0 0 0 0 0 0 0 0 0 0 0 0 0 0 0 0 0
0 0 0 0 0 0 0 2 0 6 6 0 6 7 1 0 0 20 6 7 0 0 0 0 2 0 0 0 0 0 0 0 0 0 0 0 0 0 0 0 0 0 0 0 0 9 0 8 0
0 0 0 0 0 0 0 0 0 0 0 0 0 0 0 0 0 0 0 0 0 0 0 0 0 0 0 0 0 0 0 0 0 0 0 0 0 0 0 0 0 0 0 0 0 0 0 0 0
17 51 17 27 29 28 30 25 58 19 50 55 62 48 0 14 0 27 23 29 23 6 12 20 38 30 21 20 0 0 6 23 36 34 24 0 0 23 29 37 49 36 0 0 6 21 28 40 25
46 34 20 22 33 57 55 13 0 0 0 10 43 46 1 11 16 7 9 29 35 2 8 14 23 16 38 34 0 0 28 61 72 59 47 2 0 27 63 85 111 92 15 15 26 36 62 89 65
7 30 21 29 29 27 32 23 31 24 31 57 67 55 7 11 16 15 33 45 48 0 1 14 16 44 43 43 0 0 11 20 36 36 35 14 10 13 23 37 35 41 11 8 8 0 18 11 15
24 38 12 0 0 44 20 41 44 0 0 0 51 34 33 43 19 29 6 19 12 17 25 24 29 19 35 21 1 21 23 28 25 41 27 0 0 0 4 29 63 39 0 11 0 8 17 44 23
0 14 9 11 0 15 6 0 0 0 0 0 0 0 2 0 32 31 13 0 0 11 24 56 24 26 25 22 0 11 43 55 53 52 28 0 0 4 15 17 45 16 0 0 0 0 0 16 0
9 0 0 0 0 0 6 0 0 0 0 0 0 0 0 0 0 0 0 0 0 0 0 0 0 0 0 0 0 0 0 0 0 0 0 0 0 0 0 0 0 0 4 0 0 0 0 22 21
46 45 24 37 48 65 54 26 52 39 45 38 43 36 24 37 25 30 7 6 7 22 26 10 15 8 10 9 22 28 24 30 13 6 16 35 44 48 48 39 29 28 20 43 29 19 20 21 15
0 0 0 0 0 0 0 0 0 0 0 0 0 0 0 0 0 0 0 0 0 0 0 0 0 4 0 0 0 0 0 0 0 0 0 0 0 0 0 0 0 0 0 0 0 0 0 0 0
0 0 0 0 0 0 0 0 0 0 0 0 0 0 0 0 0 0 0 0 0 0 0 0 0 0 0 0 0 0 0 0 0 0 0 0 0 0 0 0 0 0 0 0 0 0 0 0 0
0 0 0 0 0 0 0 12 11 0 0 0 0 25 0 0 0 0 0 0 16 0 0 0 0 0 0 1 0 0 0 0 0 0 4 0 0 0 0 0 0 14 1 0 0 6 0 23 29
0 0 0 0 0 0 10 0 0 0 6 9 0 17 0 0 0 6 7 0 6 0 0 0 10 8 0 14 7 23 26 18 0 0 17 4 31 33 23 0 0 28 10 32 38 41 43 53 33
0 0 0 0 0 0 0 0 0 0 0 0 0 0 0 0 0 0 0 0 0 0 0 0 0 0 0 0 0 0 0 0 0 0 0 0 0 0 0 0 0 0 0 0 0 0 0 14 0
0 0 0 0 0 0 4 0 0 0 0 0 0 12 0 0 0 0 0 0 0 0 0 0 0 0 0 0 0 0 0 0 0 0 0 0 0 0 0 0 0 2 0 0 0 0 0 0 0
0 0 0 0 0 0 0 0 0 0 0 0 0 0 0 0 0 0 0 0 0 0 0 0 0 0 0 0 0 0 0 0 0 0 0 0 0 0 0 0 0 0 0 0 0 0 0 0 0
9 0 0 8 7 0 2 0 0 0 0 0 0 0 0 0 0 0 0 0 0 0 0 0 0 0 0 0 0 0 0 0 0 0 0 0 0 0 0 0 0 0 0 0 0 0 0 0 0
0 0 0 0 0 20 32 0 0 0 0 0 22 42 0 0 0 0 0 0 10 0 0 0 0 0 0 10 0 0 0 0 0 0 0 0 0 0 0 0 0 0 0 0 0 0 0 0 0
10 42 10 19 17 21 24 1 38 0 0 0 13 19 0 0 0 11 0 13 11 0 0 11 33 40 28 21 1 14 30 39 40 28 15 0 6 14 8 27 34 28 0 13 2 0 12 26 23
0 2 0 0 0 0 0 1 0 0 0 0 0 0 0 6 11 0 0 0 0 8 7 4 0 9 7 8 1 0 0 0 0 0 7 0 0 0 0 0 0 1 0 0 0 0 0 0 17
17 43 18 22 18 26 25 25 37 17 17 23 37 35 22 9 0 0 0 16 20 14 9 7 0 0 10 20 0 0 15 0 0 0 28 0 0 10 31 32 52 46 0 21 31 50 56 64 44
0 0 8 17 0 0 0 0 0 9 11 0 0 0 1 0 9 0 7 0 0 0 0 15 0 0 0 0 0 0 42 41 13 0 0 0 0 24 29 9 0 0 0 0 19 30 27 17 13
38 29 25 20 30 36 24 49 32 0 0 16 41 38 44 44 40 44 55 50 38 36 24 37 39 48 51 40 38 31 45 38 58 71 50 26 9 15 23 49 66 45 23 23 26 33 52 56 30
11 7 6 0 0 4 18 0 12 2 0 0 0 16 4 13 24 14 0 0 0 20 29 53 37 21 7 4 27 25 31 23 19 18 11 18 17 36 21 29 27 20 4 14 29 26 28 15 14
0 0 0 0 0 0 0 0 0 0 0 0 0 0 0 0 0 0 0 0 0 0 0 0 0 0 0 0 0 0 0 0 0 0 0 0 0 0 0 0 0 0 0 0 0 0 0 0 0
0 0 0 0 0 0 0 0 0 0 0 0 0 0 0 0 13 0 0 0 0 0 0 0 0 0 0 0 6 0 0 0 0 0 0 0 0 4 0 19 26 8 0 0 0 0 15 2 8
10 2 0 0 0 0 19 0 0 0 0 0 0 0 0 0 0 0 0 0 0 0 0 0 0 0 0 0 0 0 0 0 0 0 0 0 0 0 0 0 0 14 0 0 0 0 0 0 15
0 0 0 0 0 0 0 0 0 0 0 0 0 0 0 0 0 0 0 0 0 0 0 0 0 0 0 0 0 0 0 0 0 0 0 0 0 0 0 0 0 0 0 0 0 0 0 0 0
10 0 0 10 4 0 0 0 0 0 0 0 0 0 0 0 0 0 0 0 0 0 0 0 0 0 0 0 0 0 0 0 0 0 1 0 0 0 0 0 0 0 0 0 0 0 0 21 24
0 0 0 0 0 0 0 29 9 0 0 0 0 1 17 0 6 35 29 0 0 0 0 2 35 39 14 14 0 0 0 40 21 13 0 0 0 0 22 20 16 11 0 0 4 8 8 0 0
0 0 14 19 0 0 0 2 14 38 45 34 24 17 0 18 35 48 46 0 13 0 0 0 2 17 0 15 0 0 0 0 18 15 17 0 0 0 1 27 47 12 0 0 2 18 13 25 0
0 0 0 0 0 0 0 0 0 0 0 0 0 0 0 0 0 0 0 0 0 0 0 0 0 0 0 0 0 0 0 0 0 0 0 0 0 0 0 0 0 0 0 0 0 0 0 0 0
69 82 74 68 77 72 63 66 93 87 88 112 102 77 53 69 87 100 112 111 65 34 55 85 122 135 121 76 33 60 86 111 122 106 67 37 54 68 100 104 117 72 27 46 44 69 70 80 55
0 0 0 0 0 0 0 0 0 0 0 0 0 0 0 0 0 0 0 0 0 0 0 0 0 0 0 0 0 0 0 0 0 0 0 0 0 0 0 0 0 0 0 0 0 0 0 0 0
0 0 0 0 0 0 0 0 0 0 0 0 0 10 0 0 0 0 0 0 0 0 0 0 0 0 0 0 0 0 0 0 0 0 0 0 0 0 0 0 0 0 17 22 16 6 9 8 18
8 1 25 25 38 18 6 0 0 0 4 12 0 0 0 0 0 0 33 0 0 0 0 0 0 0 0 0 0 0 0 0 0 0 12 0 0 0 0 0 0 7 0 0 0 15 17 24 17
23 0 1 13 0 0 9 0 0 0 0 0 0 0 0 0 0 0 0 0 0 0 0 0 0 0 0 0 0 0 0 0 0 0 0 0 0 0 0 0 0 0 0 0 0 0 0 0 0
0 0 0 0 0 0 0 0 0 0 0 0 0 6 0 0 0 0 0 0 0 0 0 0 0 0 0 0 0 0 0 0 0 0 8 0 0 0 0 0 0 2 0 0 0 0 9 24 8
0 0 0 0 0 0 0 0 0 0 0 0 0 0 0 0 0 0 0 0 0 0 0 0 0 0 0 0 0 0 0 0 0 0 0 0 0 0 0 0 0 0 0 0 0 0 0 0 8
0 0 0 0 0 0 15 0 0 0 0 0 0 1 0 0 0 0 0 0 0 0 0 0 0 0 0 0 0 0 0 0 0 0 0 0 0 0 0 0 0 0 0 0 0 0 0 0 0
0 0 0 0 0 0 0 0 0 0 0 0 0 0 0 0 0 0 0 0 0 0 0 0 0 0 0 0 0 0 0 0 0 0 0 0 0 0 0 0 0 0 0 0 0 0 0 0 0
0 0 15 31 28 25 23 0 0 0 29 37 14 20 0 0 0 36 21 0 12 0 0 0 20 9 0 0 0 0 0 0 0 0 0 0 0 0 0 0 9 31 0 0 0 0 4 20 26
0 0 0 0 0 0 0 0 0 0 0 0 0 0 0 0 0 0 0 0 0 0 0 0 0 0 0 0 0 0 0 0 0 0 0 0 0 0 0 0 0 0 0 0 0 0 0 0 0
0 0 0 0 0 0 0 0 0 0 0 0 0 0 0 0 0 0 0 0 0 0 0 2 0 0 0 0 0 0 14 7 0 0 0 0 1 24 12 0 0 0 0 12 27 22 0 0 0
0 0 0 0 0 0 0 0 0 0 0 0 0 0 0 0 0 0 0 0 0 0 0 0 0 0 0 0 0 0 0 0 0 0 0 0 0 0 0 0 0 0 4 17 10 0 0 0 0
0 0 9 14 18 9 0 10 0 2 10 17 12 9 21 6 1 0 0 0 6 21 10 7 0 0 0 2 23 19 11 2 0 0 0 15 22 27 24 6 2 4 15 31 31 24 25 21 13
0 0 0 0 0 0 0 0 0 0 0 0 0 0 0 0 0 0 0 0 0 0 0 0 0 0 0 0 0 0 0 0 0 0 0 0 0 0 0 0 0 0 0 0 0 0 0 0 0
0 0 0 0 0 0 0 0 0 0 0 0 0 0 0 0 0 0 0 0 0 0 0 0 0 0 0 0 0 0 0 0 0 0 0 0 0 0 0 0 0 0 0 0 0 0 0 0 0
0 0 0 0 0 0 0 0 0 0 0 0 0 0 0 0 0 0 0 0 0 0 0 0 0 0 0 0 0 0 0 0 0 0 0 0 0 0 0 0 0 0 0 0 0 0 0 0 0
0 1 24 27 10 1 0 0 0 0 0 0 0 0 0 0 0 1 0 0 0 0 0 0 0 0 0 0 0 0 0 0 4 0 0 0 0 0 0 0 0 16 0 0 0 0 0 0 12
0 0 0 0 0 0 0 0 0 0 0 0 0 0 0 0 18 14 0 0 0 0 0 15 0 1 0 0 0 0 0 0 0 0 0 0 0 0 0 0 0 0 0 0 0 0 0 8 0
