45
83
57
46
48
0
57
100
85
96
74
97
80
72
67
97
94
74
77
0
80
64
60
84
49
76
83
93
68
58
82
79
74
60
66
60
83
79
68
69
78
0
70
50
66
0
71
86
48
35
42
48
111
104
98
101
94
103
87
112
117
73
92
76
87
90
92
78
81
60
60
71
57
58
57
68
64
67
87
0
77
70
93
75
75
81
102
110
97
59
125
80
0
100
91
73
92
68
57
45
88
37
66
26
34
40
40
43
0
82
64
55
81
92
80
40
70
56
85
86
69
0
0
71
85
92
66
78
98
0
93
84
0
71
75
95
95
71
59
75
67
84
47
105
0
68
30
42
35
36
52
74
0
37
38
55
49
0
47
66
43
59
43
78
51
51
51
30
50
47
38
82
67
0
35
39
53
72
46
50
43
49
56
51
48
35
0
0
51
37
42
57
37
54
13
75
47
58
44
52
48
54
31
54
35
38
49
28
42
45
54
0
40
0
0
68
54
47
60
31
46
55
22
0
68
37
53
0
44
52
0
71
71
40
55
37
0
64
53
51
0
48
50
43
42
48
47
0
43
33
58
64
40
75
51
15
58
32
42
70
35
47
43
42
53
54
36
47
0
46
35
30
42
68
35
34
48
53
35
27
62
48
40
49
45
0
33
3
75
52
62
26
40
0
60
62
7
42
70
37
43
83
70
33
69
68
72
82
60
73
76
62
70
0
49
59
62
59
56
71
76
98
74
79
0
92
86
83
81
62
54
67
45
53
60
0
28
50
46
62
74
74
69
42
67
70
46
28
35
36
49
42
62
56
46
48
57
56
47
48
42
42
57
74
70
52
36
62
28
46
66
68
56
62
43
59
59
0
60
68
75
74
77
49
56
0
44
48
18
46
96
0
95
78
48
60
68
77
84
50
70
66
56
10
12
53
33
54
0
66
32
57
43
46
58
46
41
83
50
51
72
81
71
29
33
52
92
60
54
70
81
2
67
69
44
51
56
71
73
0
68
70
64
31
49
59
48
64
48
54
19
25
46
68
45
74
57
56
0
44
64
42
0
60
56
37
35
0
38
85
51
68
25
67
0
33
56
55
52
70
52
27
48
42
19
77
0
0
86
58
60
46
23
42
102
42
33
43
54
48
28
59
50
62
0
0
77
0
57
0
64
24
59
94
42
88
25
91
57
44
37
58
81
79
37
47
0
53
60
22
110
79
44
46
55
36
51
25
0
59
60
75
76
0
73
46
75
56
0
34
52
21
0
43
46
84
54
85
0
0
58
79
64
34
40
47
88
0
29
60
59
49
81
44
97
29
27
106
46
67
82
0
74
74
22
38
34
55
41
39
60
54
49
60
71
55
67
20
67
67
103
23
43
53
79
73
44
102
58
66
59
52
49
62
41
18
75
91
73
47
34
51
76
35
0
69
74
46
0
49
39
55
95
73
49
98
57
72
69
55
35
62
82
0
74
50
78
0
45
36
74
80
68
47
67
46
51
54
49
57
0
59
30
41
87
30
94
54
66
28
21
64
59
46
56
39
46
95
60
48
33
52
53
0
52
78
37
64
77
18
54
64
51
44
58
71
51
47
51
59
79
39
0
36
55
60
37
71
51
35
48
67
0
24
75
24
80
34
53
57
58
39
80
44
46
72
25
79
49
49
92
90
59
67
64
0
24
85
66
35
59
42
28
80
59
50
57
60
64
0
45
35
51
71
101
70
43
46
36
0
50
62
78
31
56
23
44
50
69
74
58
89
0
34
47
0
70
24
97
71
44
86
0
90
77
42
37
69
37
0
54
58
58
82
55
48
76
0
72
71
76
60
24
39
58
52
25
73
81
0
38
58
26
59
60
72
60
38
69
86
0
60
71
56
47
33
112
69
71
51
67
29
0
45
0
59
78
94
48
54
44
64
59
48
51
51
58
51
62
79
53
73
78
68
57
56
35
39
46
45
66
54
70
41
62
34
93
42
74
71
36
16
72
53
51
88
52
53
0
55
59
58
30
0
70
40
57
49
0
0
67
45
44
41
47
28
57
49
71
87
74
57
78
70
67
0
35
74
29
70
91
0
78
46
29
56
78
47
77
67
60
49
56
47
105
46
44
48
24
54
50
68
74
0
86
77
72
84
88
66
69
84
68
62
106
98
91
0
107
87
111
99
86
79
86
69
86
120
82
81
58
50
79
0
53
0
86
56
71
41
66
78
46
81
37
0
62
54
53
42
89
67
50
66
69
72
73
85
104
71
86
83
50
0
73
69
57
71
80
0
