14 0 0 3 0 3 0 0 0 0 0 0 0 0 0 0 0 0 0 0 0 0 0 0 17 0 0 0 0 0 16 24 0 0 0 9 4 10 7 7 17 32 0 0 18 34 42 37 39
18 0 0 0 0 0 0 0 0 0 0 0 0 0 0 0 0 0 0 0 0 0 0 0 5 0 0 0 0 0 0 0 0 0 0 0 0 0 0 0 0 0 4 0 0 0 0 0 0
39 0 0 18 12 22 26 0 0 0 0 0 0 0 0 0 0 6 15 13 0 5 0 0 0 0 0 0 0 0 0 7 0 0 0 0 0 0 0 3 7 3 0 0 0 0 0 0 17
0 0 0 0 0 0 0 5 0 3 0 0 0 0 0 0 0 0 0 0 0 0 0 0 0 0 0 0 0 0 0 9 0 0 0 0 0 0 0 0 0 0 0 0 0 0 0 0 0
5 0 0 0 0 0 0 0 0 0 0 0 0 0 0 0 0 0 0 0 0 0 0 0 0 0 0 0 0 0 0 0 0 0 6 0 0 0 0 3 0 0 0 0 0 0 0 0 0
0 0 0 11 0 0 0 0 0 0 5 10 0 0 0 6 15 31 3 0 0 14 13 24 24 34 22 0 0 9 12 30 33 20 0 0 0 0 0 7 8 0 10 0 0 5 19 8 19
0 0 0 0 0 0 0 0 0 0 0 0 0 0 0 0 0 0 0 0 0 0 0 0 0 0 0 0 0 0 0 7 3 0 0 0 0 0 0 6 0 0 0 0 0 0 0 0 4
0 0 0 0 0 0 0 0 0 0 0 0 0 0 0 0 0 0 0 0 0 12 0 0 0 0 0 0 0 0 15 0 0 0 0 0 13 0 0 0 0 0 0 0 0 14 3 30 17
19 0 0 6 0 0 0 0 16 16 41 13 0 0 4 17 20 13 0 9 0 4 22 27 13 0 0 0 0 16 0 0 0 0 0 0 0 0 0 4 0 0 4 0 0 0 0 0 0
0 0 0 0 0 0 14 0 0 0 0 0 0 0 0 0 0 0 0 0 0 0 0 0 0 0 0 0 0 0 0 0 0 0 0 0 0 0 0 0 0 0 0 0 0 0 0 0 0
8 0 3 4 8 0 0 6 7 7 7 13 0 0 6 0 0 0 5 0 0 8 0 0 0 0 0 0 0 0 0 0 0 0 0 0 0 16 9 0 0 0 0 0 3 9 8 17 24
40 10 7 10 15 18 28 30 0 4 16 11 12 38 0 0 4 23 6 0 33 0 0 0 0 0 11 23 0 4 12 32 20 19 21 4 0 12 36 35 8 11 9 0 0 8 9 0 5
76 5 26 15 26 24 30 11 0 0 0 5 17 11 7 0 0 19 3 36 18 7 0 15 23 31 41 21 7 8 16 26 42 23 4 33 18 24 34 25 30 8 12 13 21 42 21 47 28
20 0 0 0 0 7 22 0 0 0 0 0 0 3 0 0 0 0 0 0 5 8 0 0 0 0 0 0 0 0 0 0 0 0 0 0 0 0 0 0 0 0 0 0 0 0 0 0 0
0 0 0 0 0 0 0 0 0 0 0 0 0 0 0 0 0 0 0 0 0 0 0 0 0 0 0 0 0 0 0 0 0 0 0 0 0 0 0 0 0 0 0 0 0 0 0 0 0
0 0 0 0 0 0 0 0 0 0 0 0 0 0 0 0 0 0 0 0 0 0 0 0 4 0 0 0 0 0 0 0 0 0 0 4 0 0 0 0 0 0 0 0 0 0 0 0 27
0 34 27 21 29 24 0 49 48 30 26 48 58 22 39 43 39 13 23 33 18 24 32 22 6 15 47 25 39 33 27 0 28 29 14 21 43 25 16 11 23 21 17 39 33 19 10 24 16
19 0 0 0 0 0 19 0 0 0 0 0 0 0 0 0 0 0 0 0 0 0 0 0 0 0 0 0 0 0 0 0 10 0 0 0 0 0 0 0 0 0 0 0 0 0 0 0 6
0 0 0 0 0 0 0 0 0 0 0 0 0 0 0 0 0 0 0 0 0 0 0 0 0 0 0 0 0 0 0 0 0 0 0 0 0 0 0 0 0 0 0 0 0 0 0 0 0
5 0 0 0 0 0 0 0 0 0 0 0 0 0 0 0 0 8 18 0 0 0 0 8 7 0 0 6 0 0 0 28 0 0 0 0 0 0 0 18 17 0 0 0 0 0 0 0 0
0 0 5 5 5 0 0 8 12 0 0 0 18 0 12 0 0 0 0 14 0 0 0 0 0 0 0 0 0 0 0 0 0 0 0 0 0 0 0 0 14 9 0 3 0 0 8 21 23
0 0 0 0 0 0 0 0 0 0 9 17 0 0 0 0 0 0 0 0 0 0 0 3 31 3 0 0 0 0 0 25 16 0 0 0 0 0 3 0 0 0 0 0 0 0 0 0 0
21 0 17 7 4 15 11 18 0 10 0 0 3 12 0 0 0 0 0 14 6 0 0 0 23 0 0 14 3 0 0 0 0 0 7 0 0 0 0 6 0 9 13 3 0 0 0 10 19
25 0 0 0 4 18 6 0 0 0 0 0 0 0 6 0 0 0 0 0 0 0 0 0 0 0 8 3 0 0 0 0 0 0 19 0 0 3 0 0 0 12 0 0 14 0 0 12 17
4 0 0 0 0 0 0 0 0 0 0 0 0 0 0 0 0 0 0 0 0 0 0 0 0 0 0 0 0 0 0 7 0 0 0 0 0 0 0 0 21 3 0 0 0 0 0 4 37
0 0 0 0 8 0 7 0 0 0 0 0 0 0 0 0 0 0 0 12 0 0 7 7 32 29 12 8 4 9 5 25 15 0 8 0 16 0 8 4 0 13 0 15 16 0 0 3 8
27 13 13 13 3 13 23 37 4 18 29 39 15 12 17 18 19 35 10 16 19 0 13 20 42 30 17 20 0 6 22 51 10 0 7 0 3 13 14 6 0 12 31 19 24 10 21 24 37
0 0 0 0 0 0 0 0 0 0 0 0 0 0 0 0 0 0 0 0 0 0 0 0 0 0 0 0 0 0 0 0 0 0 0 0 0 0 0 0 0 0 0 0 0 0 7 0 0
6 0 0 0 0 0 18 0 0 0 0 0 0 0 0 0 0 0 0 0 0 0 0 0 0 0 0 0 0 0 0 13 12 14 0 7 0 0 0 6 14 10 8 0 0 0 4 4 7
26 0 0 0 0 0 0 3 15 19 3 0 0 0 19 10 0 0 0 0 0 21 11 4 0 0 0 0 7 6 0 0 0 0 0 14 0 0 0 0 0 0 25 0 0 0 3 8 0
0 0 0 0 0 0 0 0 0 0 0 0 0 0 0 0 0 0 0 0 0 0 0 0 0 0 0 0 0 0 0 0 0 0 0 0 0 0 0 0 0 0 0 0 0 4 0 4 0
32 0 0 0 0 0 0 0 0 0 0 0 0 0 0 0 0 0 8 0 0 0 0 0 18 3 0 0 0 0 0 5 0 0 0 0 0 0 0 0 0 0 4 0 0 0 0 0 4
84 31 39 39 39 50 62 46 0 13 23 11 15 23 0 0 0 12 4 4 19 0 0 0 0 0 0 17 0 0 0 0 0 0 24 18 0 0 0 14 5 11 53 12 7 25 22 15 32
0 0 0 0 0 0 0 0 0 0 0 0 0 0 0 0 0 0 0 0 0 0 0 0 0 0 0 0 0 0 0 17 0 0 0 0 0 0 0 0 0 0 0 0 0 0 0 0 0
0 0 0 0 0 0 0 0 0 0 0 0 0 0 0 0 0 0 0 0 0 0 0 0 0 0 0 0 0 0 0 0 0 0 0 0 0 0 0 0 0 0 0 0 0 0 0 0 0
0 0 0 0 0 0 0 0 0 0 0 0 0 0 0 0 0 0 0 0 0 3 0 0 0 0 0 0 0 0 0 0 0 0 0 5 0 0 0 0 0 0 9 0 0 0 0 0 0
0 0 0 0 0 0 0 0 0 0 0 0 0 0 0 0 0 0 0 0 0 0 0 0 0 0 0 0 0 0 0 11 0 0 0 0 0 0 0 0 0 0 0 0 0 0 0 6 13
0 0 0 0 0 0 0 0 0 0 0 0 0 0 0 0 0 0 0 0 0 0 0 0 0 0 0 0 0 0 0 0 0 0 0 0 0 0 0 0 0 0 0 0 0 0 0 0 0
0 0 0 0 0 0 0 0 0 0 0 0 0 0 0 0 3 0 0 0 0 13 15 0 0 0 0 0 5 3 0 8 0 0 0 5 0 0 0 0 0 0 0 0 0 0 0 8 0
41 0 0 3 12 21 31 11 25 18 18 22 13 15 16 22 12 19 13 24 22 26 16 18 42 14 20 25 10 9 17 30 12 10 18 13 6 26 32 37 26 11 22 15 26 37 30 34 24
23 12 11 4 8 32 4 13 21 5 12 12 30 23 0 17 22 16 6 19 24 6 26 20 0 0 0 13 11 22 12 25 6 16 5 13 26 18 36 41 34 12 18 19 12 22 12 22 3
40 12 0 0 0 27 25 0 0 0 0 0 0 12 0 0 0 18 12 0 0 0 0 0 0 0 0 6 0 9 0 17 4 6 17 17 11 3 0 0 4 9 20 0 0 0 0 5 23
60 0 0 0 0 20 21 0 0 0 0 0 0 0 0 0 0 0 0 0 0 0 0 0 0 0 9 0 0 0 0 0 0 0 0 4 0 0 0 0 0 0 21 0 0 30 5 32 35
0 8 10 0 0 0 0 0 0 0 6 0 0 0 0 0 0 4 4 0 0 0 0 0 0 0 0 0 0 0 0 0 0 0 0 0 0 0 0 0 0 0 0 0 0 4 0 0 0
0 0 0 0 0 0 0 0 0 0 0 0 0 0 0 0 0 0 0 0 0 0 0 0 0 0 0 0 0 0 0 0 0 0 0 0 0 0 0 0 0 0 0 0 0 0 0 0 0
15 0 0 0 0 3 8 0 3 7 0 0 0 0 0 20 18 0 5 6 0 4 11 9 0 0 0 0 0 0 0 8 0 0 0 0 0 0 0 0 4 14 0 0 0 0 0 7 0
0 0 0 0 0 0 0 0 0 0 0 0 0 0 0 0 0 19 42 0 0 0 0 0 0 9 0 0 0 0 0 0 0 0 0 0 0 0 9 0 0 0 0 0 4 4 0 0 0
0 0 0 0 0 0 0 0 0 0 0 0 0 0 6 0 0 0 0 0 0 6 0 0 0 0 0 0 0 0 0 0 0 0 0 0 0 3 0 0 18 6 6 0 10 20 5 10 0
3 0 0 0 0 0 0 0 0 0 0 0 0 0 0 0 0 0 0 0 0 0 0 0 0 0 0 0 0 0 0 4 0 0 0 0 0 0 3 19 23 0 0 0 6 16 6 20 10
9 0 0 0 0 0 0 36 0 0 0 0 4 18 0 0 0 0 0 16 16 8 0 0 0 0 19 29 9 0 0 0 0 0 16 20 0 0 0 0 0 8 49 0 0 0 0 0 0
0 0 0 0 0 0 0 0 0 0 0 0 0 0 0 0 0 0 0 0 0 0 0 0 0 0 0 0 0 0 0 0 0 0 0 0 0 0 0 0 0 0 0 0 0 0 0 0 0
50 41 20 18 30 45 57 42 32 23 19 31 37 33 35 21 22 19 22 49 12 17 14 3 16 7 23 9 0 4 0 11 17 27 17 17 13 23 24 32 40 36 24 14 19 30 18 23 26
18 0 0 12 4 0 21 0 0 0 0 0 0 7 0 0 5 0 0 0 0 0 0 0 0 0 0 0 0 0 0 0 0 0 0 0 0 0 0 0 0 9 0 0 0 0 3 0 25
0 0 0 0 0 0 0 0 0 0 0 0 0 0 0 0 0 0 0 0 0 4 10 0 0 16 0 0 0 7 0 0 0 0 0 0 0 0 0 0 0 0 0 0 0 0 0 0 0
25 0 0 0 0 0 0 0 0 0 0 0 0 0 0 15 20 0 0 0 0 0 22 15 0 0 0 0 0 0 0 0 0 0 0 0 0 0 0 0 0 0 3 0 0 0 0 0 0
3 0 0 0 0 0 5 0 0 0 0 0 0 0 0 0 0 0 0 0 0 8 0 0 12 0 0 0 0 0 0 16 0 0 5 0 0 0 0 3 0 0 0 0 0 0 25 8 9
18 0 0 0 0 10 12 0 0 0 5 0 0 0 0 0 0 0 0 0 0 0 0 0 0 0 0 0 0 0 0 0 0 0 0 0 0 0 0 0 0 0 0 0 0 0 0 0 0
28 0 0 0 0 23 45 0 0 0 0 0 0 19 0 0 0 13 0 0 16 0 0 0 3 4 0 17 0 0 0 12 0 0 20 0 0 0 5 10 20 6 0 0 0 0 19 14 0
34 0 0 0 3 27 22 0 0 0 0 0 0 0 0 0 0 0 0 22 0 0 14 30 40 36 26 0 11 17 17 22 12 5 0 22 8 15 26 21 6 0 9 0 0 0 0 3 5
0 0 0 0 0 0 0 0 0 0 0 0 0 0 0 0 0 0 0 0 0 0 0 0 0 0 0 0 0 0 0 0 0 0 0 0 0 0 0 0 0 0 0 0 0 0 0 0 3
27 0 8 12 7 0 22 18 0 0 0 0 0 12 0 0 0 0 0 0 4 4 0 0 0 0 0 0 3 0 0 0 0 0 0 7 0 0 0 11 7 5 0 0 0 0 0 0 30
54 15 17 0 0 31 52 10 0 0 0 0 19 24 0 0 0 0 0 0 0 0 0 0 0 0 0 4 0 0 0 0 0 0 3 5 0 0 0 0 0 15 5 0 0 0 0 0 19
17 23 18 12 24 32 28 0 0 0 0 0 0 0 0 0 0 0 0 0 0 0 0 0 7 18 4 0 0 0 0 4 24 9 0 0 0 0 0 0 0 0 0 0 0 0 0 0 0
7 0 0 0 0 0 16 0 0 0 0 0 0 0 0 0 0 0 0 0 0 0 0 0 0 0 0 0 0 0 0 0 0 0 0 0 0 0 0 0 0 0 0 0 0 0 0 12 13
0 0 0 12 0 0 0 10 21 40 47 26 14 0 0 0 31 52 23 13 0 0 20 29 9 0 15 20 24 23 26 27 5 8 8 27 40 52 44 37 30 14 14 33 39 40 17 0 9
34 0 0 0 0 13 16 0 0 0 0 0 0 0 0 0 0 0 0 0 0 0 0 0 0 0 0 0 0 0 0 0 0 0 0 0 0 0 0 0 0 0 0 0 0 0 0 0 0
0 0 0 0 0 0 0 0 0 0 0 0 0 0 0 0 0 0 0 0 0 0 0 0 0 0 0 0 0 0 3 0 0 0 0 0 10 0 3 0 7 0 0 0 0 0 0 0 0
0 0 0 0 0 0 0 0 0 0 0 0 0 0 8 7 0 9 9 8 5 0 0 0 18 11 4 0 0 0 0 20 20 0 0 0 0 0 19 22 0 0 0 0 0 20 19 15 0
52 17 17 0 0 28 38 40 35 17 0 0 26 32 28 25 13 0 16 37 16 10 17 18 19 31 8 11 11 4 13 31 38 26 6 14 0 6 8 22 29 18 13 0 0 12 5 14 24
0 0 8 18 0 0 0 0 0 0 0 11 0 0 5 0 0 0 0 0 0 6 0 0 0 0 0 0 0 0 0 17 0 0 0 0 0 21 9 27 0 0 0 0 0 0 0 0 0
75 6 0 11 14 45 65 26 0 0 7 34 35 14 0 0 0 0 6 39 15 0 0 0 0 15 14 9 5 0 0 4 17 4 13 23 0 0 0 0 11 0 33 13 6 12 22 34 43
84 38 41 60 54 74 67 23 32 32 51 26 14 36 0 8 0 6 9 23 29 23 0 0 0 30 57 15 15 0 0 17 27 32 0 25 0 0 0 14 0 12 45 31 9 8 7 18 25
0 0 0 0 0 0 0 0 0 0 0 0 0 0 0 0 0 0 0 0 0 0 0 0 0 0 0 0 0 0 0 0 0 0 0 0 0 0 0 0 0 0 0 0 0 11 6 0 0
0 0 0 0 0 0 0 0 0 0 0 0 0 0 0 0 0 0 0 6 0 0 11 0 20 42 26 0 0 17 20 9 26 13 8 0 17 28 13 17 16 20 0 0 5 0 21 12 18
30 0 0 0 0 13 29 0 0 0 0 0 0 6 0 0 10 13 0 0 0 0 3 9 12 0 0 0 0 0 0 6 0 0 0 4 0 0 0 0 0 5 0 0 0 0 0 8 21
78 19 13 18 29 29 64 40 0 0 16 40 30 44 0 0 0 0 0 0 15 0 0 0 0 0 0 4 0 0 0 7 0 0 0 3 0 0 0 0 0 0 27 0 0 0 0 0 0
0 0 0 0 0 0 0 0 0 0 0 0 0 0 0 0 0 0 0 0 0 0 0 0 0 0 0 0 0 0 0 0 0 0 0 0 0 0 0 0 0 0 0 0 0 0 0 0 0
0 0 0 0 0 0 0 0 0 0 0 0 0 0 0 0 0 0 0 0 0 0 0 0 0 0 0 0 0 0 0 0 0 0 0 0 0 0 0 0 0 0 0 0 0 9 10 3 0
0 0 0 0 0 0 0 0 0 0 0 0 0 0 0 0 0 0 0 0 0 0 0 0 21 7 0 0 0 0 20 22 0 0 0 0 0 5 9 13 0 0 0 0 0 0 0 0 5
0 0 0 11 0 0 0 0 0 0 0 0 0 0 0 0 0 0 0 3 0 3 13 17 22 0 0 0 0 13 12 0 0 0 0 0 0 0 0 3 24 19 0 0 3 0 6 6 0
0 0 0 0 0 0 0 0 0 0 0 0 0 0 0 0 0 0 0 0 0 0 0 7 6 0 0 0 0 0 0 0 0 0 0 0 0 0 0 0 0 0 0 0 0 0 6 0 0
57 13 19 10 4 36 49 13 0 0 0 0 0 29 0 0 0 0 0 0 8 0 0 0 0 0 0 0 0 0 0 19 0 0 5 0 0 0 0 0 0 5 17 3 0 0 0 6 35
20 0 0 3 0 0 12 0 0 11 7 0 0 0 0 0 0 0 0 4 0 7 0 4 0 0 0 0 0 0 0 0 0 0 0 0 0 0 0 0 0 15 0 0 0 0 0 4 14
41 0 7 6 3 15 27 18 0 0 15 23 12 16 12 0 0 0 14 8 14 0 0 0 13 27 13 9 0 0 4 12 0 7 0 4 5 11 14 18 5 0 17 8 12 25 16 16 14
11 9 0 0 4 19 31 0 0 0 0 0 0 23 0 0 0 0 0 0 14 0 0 0 0 0 0 0 0 0 0 0 0 0 0 0 0 0 0 0 0 3 13 5 0 0 19 7 19
0 0 0 0 0 0 0 0 0 0 0 0 0 0 0 0 0 0 0 0 0 0 0 7 0 0 0 0 0 5 0 0 0 0 0 0 5 0 0 0 0 0 0 0 0 0 0 0 0
15 6 8 0 0 3 8 4 3 3 0 5 0 11 0 0 0 0 0 0 3 0 0 0 0 0 0 0 0 0 0 0 0 0 7 7 0 9 0 0 0 11 17 8 6 0 0 5 13
0 0 0 0 0 0 0 14 22 0 7 0 0 0 20 0 0 0 0 0 0 0 0 0 9 0 0 6 0 0 0 13 0 0 0 0 0 0 0 0 3 0 0 0 0 0 0 0 0
41 3 5 8 17 27 30 0 0 0 0 3 12 34 0 0 0 0 0 16 19 12 8 0 0 0 0 3 18 0 0 0 0 0 0 29 5 15 0 0 0 16 48 30 0 14 18 43 33
0 0 0 0 0 0 0 0 0 0 0 0 0 0 0 0 0 0 0 0 0 0 0 0 0 0 0 0 0 0 0 0 8 0 0 0 0 0 0 0 0 0 0 0 0 4 0 0 0
0 0 0 0 0 0 0 0 0 0 0 0 0 0 0 0 7 0 0 0 5 0 0 0 0 0 0 0 0 0 0 8 5 0 0 0 0 0 0 18 0 0 0 0 0 0 0 0 0
0 0 0 0 0 0 0 0 0 5 0 0 0 0 0 3 10 0 0 0 0 6 13 13 0 0 0 0 0 8 0 0 0 0 0 0 0 0 0 0 0 0 0 0 0 0 0 0 0
0 0 0 0 0 0 0 0 0 0 0 0 0 0 0 0 0 0 0 0 0 0 0 0 0 23 14 0 0 0 0 0 0 0 0 0 0 0 0 0 0 0 0 0 0 0 0 0 0
0 0 0 10 17 7 0 0 0 0 0 6 7 12 0 0 0 0 0 6 0 0 0 0 0 23 3 18 0 0 0 7 7 0 21 0 0 0 0 6 0 6 0 0 0 0 0 0 0
35 3 4 0 0 0 18 39 0 0 18 27 0 0 24 14 0 0 22 0 0 18 5 0 0 19 4 0 0 13 11 14 0 0 7 11 4 0 0 0 0 0 33 0 5 10 16 10 11
0 0 0 0 0 0 0 0 0 0 0 0 19 0 0 0 0 19 0 20 0 0 0 0 6 6 7 0 0 0 0 0 0 12 0 0 0 0 6 0 0 0 0 0 6 12 0 0 0
34 0 0 0 0 0 0 5 0 5 25 0 0 31 9 11 31 4 0 13 19 13 33 34 30 38 17 3 11 29 27 41 32 15 11 14 16 13 0 0 13 15 27 0 0 0 12 26 29
0 0 0 0 0 0 0 0 0 0 0 0 0 0 0 0 0 0 0 0 0 0 0 0 0 0 0 0 0 0 0 0 0 0 0 0 0 0 0 0 0 0 0 0 0 6 0 0 0
0 0 0 0 0 0 0 0 0 0 0 0 0 0 0 0 4 0 0 0 0 0 0 0 0 0 0 0 0 0 0 0 0 0 0 0 0 0 0 0 21 0 0 0 0 0 0 0 0
0 0 0 0 0 0 0 0 0 0 0 0 0 0 0 0 0 0 0 0 7 0 0 0 0 0 0 9 0 10 0 0 0 0 6 0 0 5 0 0 0 0 0 0 0 0 0 0 10
12 0 0 5 14 0 0 0 0 0 0 0 23 0 0 0 0 0 0 14 4 0 0 0 0 0 0 20 0 4 0 22 8 8 32 0 3 0 12 25 19 11 10 0 0 15 16 0 0
11 0 0 0 0 0 11 8 0 0 0 0 0 0 0 0 0 0 0 0 0 0 0 0 0 26 0 0 0 0 0 9 11 0 0 0 0 0 0 3 0 0 0 0 0 0 0 0 0
69 12 0 0 0 30 43 0 0 0 0 0 0 37 0 0 0 0 0 13 23 0 0 0 14 25 16 27 3 4 16 37 57 44 18 16 0 7 0 22 24 7 6 0 0 0 0 0 19
27 0 0 3 5 0 19 0 0 0 23 29 18 4 9 0 0 0 6 0 3 0 0 0 0 0 0 23 0 0 0 17 0 0 32 0 0 0 0 0 14 31 0 0 0 0 0 6 25
0 0 0 0 0 0 0 0 0 0 0 0 0 0 0 0 0 0 0 0 0 0 0 0 0 0 0 0 0 0 0 0 0 0 0 0 0 0 0 0 0 0 0 0 0 0 0 0 0
33 13 3 0 5 18 23 28 17 19 15 18 11 23 0 20 16 0 0 20 8 0 21 3 15 27 17 7 3 10 0 11 6 0 0 8 8 6 5 16 13 4 25 6 0 6 15 19 25
0 0 0 0 0 0 0 0 0 0 0 0 0 0 0 0 0 5 0 0 0 0 0 0 11 19 0 0 0 0 0 23 39 20 0 0 0 0 0 19 0 0 0 0 0 0 0 0 0
34 0 18 35 35 39 50 19 0 0 3 16 0 9 11 0 0 10 16 15 19 14 0 7 44 45 45 21 0 0 0 41 40 25 20 6 0 3 22 29 5 16 18 21 10 18 31 25 27
4 0 0 0 0 0 0 0 0 0 0 0 0 0 0 0 0 0 0 0 0 0 0 5 0 0 0 0 0 7 0 0 0 0 0 0 0 0 0 0 3 0 0 0 0 7 0 0 0
123 21 11 0 11 54 85 32 0 0 0 30 0 42 0 15 16 14 0 18 21 20 12 11 14 23 7 28 20 0 10 10 14 0 40 37 0 54 27 24 15 40 56 33 31 4 20 24 43
0 0 0 0 0 0 0 0 0 0 0 0 0 0 0 0 0 0 0 0 0 0 5 0 0 0 0 0 0 8 0 0 0 0 0 0 0 0 0 0 0 0 0 0 0 0 0 0 0
64 0 0 0 0 3 22 15 0 0 0 0 0 4 0 0 0 0 0 0 8 0 0 0 0 0 0 0 5 0 0 0 0 0 0 9 0 4 0 10 0 12 16 0 5 0 0 14 10
65 22 5 21 13 21 39 50 4 0 0 10 8 23 23 18 12 32 12 16 26 19 20 24 26 17 11 32 17 5 10 40 23 20 24 15 0 8 25 54 24 27 40 14 3 27 25 15 42
32 25 16 24 18 36 17 28 8 0 6 16 20 14 9 3 0 0 0 0 5 0 8 10 9 0 0 0 8 0 20 45 35 7 8 17 0 7 30 36 8 8 19 0 0 16 28 20 0
0 0 0 0 0 0 0 0 0 0 0 0 0 0 0 0 0 0 0 0 0 0 0 0 0 4 0 0 0 0 0 21 16 0 0 0 0 0 11 21 6 0 0 0 0 0 0 0 0
0 0 0 0 0 0 0 0 0 5 15 0 0 0 0 0 0 0 0 0 0 4 0 14 7 0 5 0 0 0 5 0 0 0 0 0 0 0 5 0 5 17 10 0 0 0 0 13 16
17 0 0 5 5 19 12 0 0 0 7 5 0 0 0 3 14 11 0 3 0 0 7 29 27 16 13 0 0 14 19 29 12 8 4 0 9 9 11 19 12 10 3 5 5 15 13 0 0
0 0 0 0 0 0 0 0 0 0 0 0 0 0 0 0 0 0 0 0 0 0 0 0 0 0 0 0 0 0 0 0 0 0 0 0 0 0 3 5 11 9 0 0 0 0 0 0 12
0 0 0 0 0 0 0 0 3 3 0 6 0 0 4 0 0 0 0 0 0 0 0 0 0 0 0 0 0 0 0 0 9 4 0 0 0 0 0 7 0 0 0 0 0 0 6 0 0
0 0 0 0 0 0 0 0 0 0 0 0 0 0 0 0 23 29 7 0 0 0 0 12 0 5 0 0 0 0 0 10 0 0 10 5 0 0 16 19 5 11 0 0 4 7 23 0 0
0 0 0 0 0 0 0 0 0 0 0 0 0 0 0 0 0 3 0 0 0 0 0 0 3 0 0 0 0 0 0 0 0 0 0 0 0 0 0 0 0 0 0 0 0 0 0 0 0
0 0 0 0 0 0 0 0 0 0 0 0 0 0 0 0 0 6 0 0 0 0 0 0 0 0 0 0 0 0 0 0 0 0 0 0 0 0 0 0 0 0 0 0 0 0 0 0 0
40 0 0 0 0 13 0 0 0 0 0 0 0 0 0 0 0 0 0 0 0 0 0 0 0 0 0 0 0 0 0 0 0 0 0 0 0 9 14 0 0 0 0 0 0 0 0 0 0
0 0 0 0 0 0 0 0 0 0 0 0 0 0 0 0 0 0 0 0 0 0 0 0 0 0 0 0 0 0 0 0 0 0 0 0 0 0 0 0 0 0 0 0 0 0 0 0 0
20 0 0 0 0 0 9 0 0 0 0 0 0 0 0 0 0 0 0 0 0 0 0 0 0 0 0 0 0 0 0 0 3 0 3 0 0 0 0 0 0 9 0 0 0 0 0 0 0
55 32 0 0 0 16 39 30 0 0 0 0 0 13 11 0 0 0 0 0 3 19 9 0 0 0 0 0 8 9 0 4 0 0 0 37 22 4 0 0 0 9 21 0 0 0 0 0 20
0 0 0 0 0 0 0 0 0 0 0 0 0 0 0 0 0 0 0 0 0 0 0 0 0 0 0 0 0 0 0 0 0 0 0 0 0 0 0 0 0 0 0 0 0 13 0 0 0
19 8 15 22 13 7 25 15 19 6 9 4 10 20 20 0 0 14 6 12 18 11 0 9 20 12 12 6 0 0 5 8 5 10 7 9 0 16 14 21 20 14 11 0 4 14 16 21 26
11 0 0 0 0 0 0 0 0 0 7 0 0 0 0 0 0 0 0 0 0 6 12 0 8 24 20 0 9 0 0 34 41 24 0 0 0 0 4 14 0 0 0 0 0 0 0 9 0
0 0 0 20 10 0 0 0 0 0 0 0 0 0 3 4 0 0 0 0 0 5 10 0 0 21 14 0 0 12 6 19 13 22 0 0 0 0 0 0 0 0 0 0 0 0 0 0 3
0 0 0 0 0 4 0 0 0 3 22 14 0 0 0 14 0 4 4 7 0 14 13 12 0 0 0 5 0 12 13 22 0 0 0 0 0 17 14 0 7 0 0 0 0 14 10 4 0
47 0 0 0 7 10 35 6 0 0 4 0 0 4 0 0 0 0 0 0 0 0 0 0 0 0 0 4 0 0 0 8 0 0 7 4 0 0 0 0 0 0 5 0 0 5 0 0 34
0 3 7 9 0 0 0 0 0 0 0 0 0 0 0 0 0 0 0 0 0 0 0 0 0 0 0 0 0 0 0 0 0 0 0 0 0 0 0 0 0 0 0 0 0 0 0 0 0
23 24 15 42 26 40 13 0 0 18 36 30 10 0 0 0 9 22 16 13 0 0 0 10 22 10 11 0 0 18 26 28 10 13 0 0 31 30 42 29 38 21 0 5 16 16 26 20 0
0 0 0 0 0 0 0 0 0 0 0 0 0 0 0 0 0 0 0 0 0 0 0 0 0 0 0 0 0 0 0 0 0 0 0 0 0 0 0 0 0 0 0 0 0 0 0 0 0
31 26 15 19 14 23 38 0 0 7 0 29 20 5 0 0 0 10 0 0 0 0 9 0 10 24 30 11 0 19 11 19 23 25 4 23 24 20 15 14 22 6 16 13 0 4 18 9 6
0 0 0 0 0 0 0 0 0 0 0 0 0 0 0 0 0 0 0 0 0 0 0 0 0 0 0 0 0 0 0 0 0 0 0 0 0 0 0 0 0 0 0 0 0 0 0 0 0
16 0 0 0 0 0 12 0 0 0 0 0 0 8 0 0 0 0 0 0 0 7 22 27 12 0 0 0 18 9 23 16 0 0 0 20 0 0 6 15 10 0 14 9 0 0 4 14 13
52 19 0 4 0 29 38 0 0 0 0 0 0 0 0 0 0 0 0 0 0 0 0 0 24 11 4 0 0 0 0 15 0 4 0 27 7 0 18 9 10 0 11 0 10 15 8 22 17
0 0 0 0 0 0 0 0 0 0 0 0 0 0 0 0 0 0 0 0 0 0 0 0 0 0 0 0 0 0 0 0 0 0 0 0 0 0 0 0 4 0 0 0 0 0 0 0 0
42 15 19 31 38 32 31 48 36 22 30 19 24 40 29 27 7 0 14 35 28 27 15 0 17 34 35 27 7 0 0 22 35 28 21 6 0 0 0 11 0 9 32 3 0 0 0 11 19
0 0 0 0 0 0 0 0 0 0 0 0 0 0 0 0 0 0 0 0 0 0 0 0 0 0 0 0 0 0 0 0 0 0 4 0 0 0 0 0 0 0 0 0 0 0 0 11 13
9 0 0 0 0 0 0 0 0 0 0 0 0 0 0 0 0 0 0 0 0 0 0 0 0 0 0 0 0 0 0 0 0 0 0 0 0 0 0 0 0 0 7 0 0 0 0 24 46
0 0 0 0 0 0 0 0 0 0 0 0 0 0 4 0 0 0 0 0 0 3 0 0 0 0 0 0 0 0 0 6 0 0 0 0 0 0 0 0 0 0 0 0 0 16 8 0 0
0 0 0 0 0 0 0 0 0 0 0 0 0 0 0 0 0 0 0 0 0 0 0 0 0 0 0 0 0 0 0 0 0 0 0 0 0 0 0 0 0 0 0 0 0 0 0 0 7
7 0 0 10 4 0 8 6 0 0 11 0 0 0 0 0 5 0 3 0 0 0 0 0 6 15 0 0 0 0 0 39 19 21 10 0 0 0 0 0 3 0 0 0 0 0 0 0 0
0 0 0 0 0 0 0 0 0 0 0 0 0 0 0 0 0 0 0 0 0 0 0 0 0 0 0 0 0 0 0 0 0 0 0 0 0 0 0 0 0 0 0 0 0 0 0 0 0
59 0 0 0 0 9 33 13 0 0 0 0 0 0 0 0 0 0 0 0 0 0 0 0 0 0 0 0 0 0 0 0 0 0 0 12 0 0 0 0 0 0 10 0 0 0 0 0 8
24 0 0 0 0 0 25 16 5 12 16 0 0 12 0 0 0 0 0 4 5 0 0 0 0 0 0 0 0 0 0 0 0 0 0 11 0 0 0 0 0 0 22 0 0 0 0 0 0
0 0 0 0 0 0 0 0 0 0 0 0 0 0 0 0 0 0 0 0 0 0 0 0 0 0 0 0 0 0 0 0 0 0 0 0 0 0 0 0 0 0 0 0 0 0 0 0 0
0 0 0 0 0 0 0 0 0 0 0 0 0 0 0 0 0 0 0 0 0 0 0 0 0 0 0 0 0 0 0 0 0 0 0 0 0 0 0 0 0 0 0 0 0 0 0 0 0
0 0 0 18 0 0 0 5 0 0 0 0 0 0 0 0 0 0 0 0 0 9 0 0 27 0 0 7 0 0 6 18 0 0 0 0 0 0 18 20 0 0 0 0 0 0 0 0 0
0 0 0 0 0 0 0 0 0 0 0 0 0 0 0 0 0 0 0 0 0 0 4 0 0 30 7 0 0 0 0 0 16 3 0 0 0 0 12 0 0 0 0 0 0 3 0 11 0
45 18 0 11 6 35 32 21 0 6 26 29 13 9 0 10 10 13 20 21 8 9 9 6 7 17 9 0 13 0 0 9 0 0 0 25 0 0 0 17 3 0 23 0 0 4 0 6 7
21 9 0 7 0 0 0 4 0 0 0 0 0 0 0 18 14 0 0 0 0 13 18 25 21 0 0 0 7 0 0 12 0 0 4 16 0 0 0 0 0 0 15 0 0 0 0 0 21
0 0 0 0 0 0 0 0 0 0 0 0 0 0 0 0 9 16 3 0 0 0 5 0 0 0 0 0 0 0 0 12 0 0 0 0 0 0 0 0 0 0 0 0 0 18 7 0 0
78 0 8 0 4 28 41 32 3 13 27 24 21 45 22 24 15 0 3 13 35 23 15 4 12 3 0 35 14 6 0 31 31 26 26 14 0 0 0 14 0 5 30 0 0 3 0 22 39
27 19 0 11 0 12 0 0 18 22 25 35 32 22 0 16 27 33 25 25 5 38 24 20 29 22 39 0 32 5 0 0 0 6 0 24 6 0 0 0 0 0 26 21 17 0 0 19 32
4 12 28 38 45 25 6 0 0 0 20 32 20 0 0 0 0 18 21 40 5 0 0 0 0 0 0 0 0 0 0 5 0 11 3 0 0 0 0 11 10 14 6 0 0 3 0 3 0
0 0 0 0 0 0 0 0 0 0 0 0 0 0 0 0 0 0 0 0 0 0 0 0 0 0 0 0 0 0 0 0 0 0 0 0 0 0 0 0 0 0 0 0 0 0 0 0 0
0 6 10 22 29 23 0 0 0 0 0 0 15 0 0 0 0 0 0 0 0 0 0 0 0 0 0 0 0 0 4 6 7 6 4 0 0 0 0 7 17 4 0 0 0 0 0 0 0
0 0 0 0 0 0 0 0 0 0 0 0 0 0 0 0 0 0 0 0 0 0 0 0 0 0 0 0 0 0 0 0 0 0 0 0 0 0 0 0 0 0 0 0 3 0 0 8 21
0 0 0 0 0 0 0 0 0 0 0 0 0 0 10 3 0 0 0 13 0 20 17 10 28 29 14 7 0 12 0 15 21 0 0 0 0 0 0 0 0 0 0 0 0 10 5 6 6
34 0 5 0 6 0 10 4 0 0 0 0 0 0 0 0 0 0 0 5 0 0 0 0 28 0 0 10 0 0 0 27 4 0 15 0 0 12 25 37 0 6 0 0 0 0 0 0 0
0 0 0 0 0 0 0 0 0 0 0 0 0 0 0 0 0 0 0 0 0 0 0 0 0 0 0 0 0 0 0 0 0 0 0 0 0 0 0 0 0 0 6 0 0 0 0 0 0
0 0 7 21 0 0 0 0 14 16 20 0 0 0 20 4 0 19 5 4 0 27 15 0 16 14 10 6 13 4 10 26 15 18 0 0 0 0 0 0 3 0 3 0 0 0 0 13 31
48 7 6 10 13 38 47 26 8 10 0 0 9 27 10 20 8 14 5 26 22 17 28 21 4 0 0 12 29 24 12 0 0 0 4 44 15 0 7 0 4 4 38 21 0 0 0 6 14
0 0 0 0 0 0 0 0 0 0 0 0 0 0 0 0 0 0 0 0 0 0 0 0 0 0 0 0 0 0 0 0 0 0 0 0 0 0 0 0 0 0 0 0 0 6 0 0 0
0 0 0 0 0 0 0 0 0 0 0 0 0 0 0 0 0 0 0 0 0 18 0 0 0 0 0 0 0 0 0 0 0 0 0 0 0 0 0 0 0 0 0 0 0 0 0 0 0
0 0 0 0 0 0 0 0 0 0 0 0 0 0 0 0 0 15 8 0 0 0 0 0 0 0 0 0 0 0 0 0 0 0 0 0 0 0 0 0 0 0 0 0 17 0 0 7 0
0 0 0 0 0 0 0 0 0 0 0 0 0 0 0 6 21 5 0 0 0 3 21 37 0 0 0 0 0 4 3 0 0 0 0 0 0 0 0 0 0 0 0 8 0 9 10 0 0
0 0 0 0 0 0 0 0 0 0 0 0 0 0 0 0 0 0 0 0 0 0 0 0 0 0 0 0 0 0 0 0 25 0 4 0 0 0 0 0 0 0 0 0 0 0 0 0 0
0 0 0 0 0 0 6 0 0 0 0 0 0 0 0 0 0 0 0 0 4 10 0 0 8 13 30 4 11 10 6 25 14 7 15 0 9 8 18 15 3 0 10 3 5 12 22 22 31
23 7 6 32 10 12 14 13 19 15 18 29 0 8 12 35 29 38 46 9 0 20 23 26 7 6 14 12 5 9 9 25 0 0 7 0 0 8 10 21 12 0 4 0 3 13 3 0 0
0 0 0 0 0 0 0 0 0 0 0 0 0 0 0 0 0 0 0 0 0 0 0 0 0 0 0 0 0 10 0 0 0 0 0 0 0 0 0 0 0 0 0 0 0 0 0 0 0
41 4 0 0 0 22 20 0 0 0 0 0 0 5 0 0 9 10 0 7 10 0 5 19 4 0 0 0 0 0 6 0 0 0 0 0 0 0 0 0 7 0 0 0 0 0 5 18 19
7 0 0 0 0 0 0 0 0 0 0 0 0 0 0 0 0 0 0 0 0 0 0 0 0 0 0 0 0 0 0 0 0 0 0 0 0 0 0 0 0 0 8 0 0 0 0 3 23
0 0 0 0 0 0 0 0 0 0 0 0 0 0 3 0 0 8 19 0 0 18 0 0 0 0 0 0 0 0 0 0 0 0 0 0 0 0 0 0 0 0 0 0 0 3 0 0 0
0 0 0 0 0 0 0 0 0 0 0 0 0 0 0 0 0 0 0 0 0 0 0 0 0 0 0 0 0 0 0 0 0 0 0 0 0 0 0 0 0 0 0 0 0 0 0 0 0
20 0 0 9 7 0 0 3 0 0 0 13 13 0 0 0 0 0 0 0 0 0 0 0 0 28 8 13 4 0 0 26 45 16 12 0 0 0 0 15 7 0 18 0 0 0 5 0 0
57 30 27 21 22 28 45 40 52 30 29 26 21 43 49 34 31 33 17 30 28 30 29 28 33 37 16 13 19 21 27 18 18 16 18 28 17 30 16 13 27 29 40 18 25 37 33 35 45
0 0 0 0 0 0 0 0 0 0 0 0 0 0 0 0 0 0 0 0 0 0 0 0 0 0 0 0 0 0 0 0 0 0 0 0 0 0 0 0 0 0 0 0 0 0 0 0 0
0 0 0 0 0 0 0 0 0 0 0 0 0 7 0 0 0 0 0 0 10 0 0 0 0 0 0 17 0 0 0 0 0 0 0 0 0 0 8 0 0 0 0 0 0 0 0 0 0
0 0 0 0 0 0 0 0 0 0 0 0 0 0 0 0 0 0 0 0 0 0 0 0 0 0 0 0 0 0 0 0 0 0 0 0 0 0 0 0 0 0 0 0 0 0 0 0 0
7 0 5 0 0 0 6 0 0 0 0 0 0 0 0 0 0 0 0 0 0 0 0 0 0 6 0 0 3 0 0 7 0 0 0 5 0 0 0 0 0 0 0 0 0 0 0 0 0
18 0 5 7 14 33 13 0 0 0 0 0 22 5 0 0 0 14 0 0 0 0 0 0 11 0 0 11 0 0 0 13 0 0 11 0 0 0 0 6 16 4 7 0 0 0 0 0 0
27 0 0 0 0 0 25 0 0 0 0 0 0 0 0 0 0 0 0 0 0 0 0 0 0 0 0 5 0 0 0 0 0 0 0 0 0 0 0 0 0 0 0 0 0 0 0 0 0
14 5 0 12 4 0 0 11 0 5 17 19 0 0 10 6 5 19 3 0 0 7 0 10 0 0 0 0 0 0 0 0 0 0 0 0 0 0 0 0 0 0 0 0 0 0 4 0 0
0 0 0 0 0 0 0 0 0 0 0 0 0 0 0 0 0 0 0 0 0 0 0 0 0 0 0 0 0 0 0 0 0 0 0 0 0 0 0 0 0 0 0 0 0 0 0 0 0
19 22 7 5 10 17 19 0 5 5 0 0 0 0 0 4 0 0 0 0 0 0 0 4 0 24 12 0 0 7 13 12 19 14 5 0 6 24 20 8 14 3 8 6 11 13 7 5 3
25 14 38 36 36 17 22 21 19 25 32 22 24 6 0 0 3 5 10 28 0 21 13 6 0 0 0 7 4 21 14 11 9 11 0 14 18 0 31 28 23 9 22 6 8 35 15 10 17
0 0 0 0 0 0 0 0 0 16 4 0 0 0 7 0 0 0 0 0 0 14 5 0 0 0 0 0 0 0 0 0 0 0 0 0 0 0 0 0 0 0 0 0 0 0 0 0 0
21 20 15 0 10 25 12 17 21 0 0 0 14 7 8 5 9 10 21 25 5 7 3 0 17 23 21 9 12 0 0 15 31 23 7 6 0 0 9 12 13 8 5 0 0 0 0 0 0
24 0 0 0 0 0 0 0 0 0 0 0 0 0 0 0 0 0 0 0 0 0 0 6 17 0 0 0 0 0 0 0 0 0 0 0 0 0 0 0 0 0 0 0 0 0 5 0 4
11 25 22 38 12 0 0 0 24 20 0 0 0 0 17 3 0 0 0 0 0 13 0 0 0 0 0 0 15 14 0 19 0 0 0 0 12 0 6 0 0 15 0 22 12 0 0 18 31
55 24 33 50 46 58 47 21 16 37 32 34 19 0 31 21 15 5 30 11 0 14 10 13 23 15 0 13 0 4 18 25 0 5 10 0 0 9 7 15 0 0 10 10 7 16 18 28 41
0 0 0 0 0 0 0 0 0 0 0 0 0 0 0 0 0 0 0 0 0 0 0 0 0 0 0 0 0 0 0 0 0 0 0 0 0 0 0 0 0 0 0 0 0 0 0 0 0
0 0 0 0 0 0 0 0 0 0 0 0 0 0 0 0 0 0 0 0 0 0 0 0 0 0 0 0 0 0 0 0 0 0 0 0 0 0 0 0 0 0 0 0 0 0 0 0 0
0 0 0 0 0 0 0 0 0 0 0 0 0 0 0 0 0 0 0 0 0 0 0 0 0 0 0 0 0 0 0 0 0 0 0 0 0 0 0 0 0 0 0 0 0 0 0 0 0
109 65 48 36 49 115 101 25 7 0 40 36 58 50 6 12 17 34 5 31 31 22 34 42 0 19 31 11 45 37 51 27 5 5 24 56 48 32 35 9 6 28 63 44 36 18 14 44 46
57 0 12 0 19 32 51 16 0 0 0 7 0 10 0 0 0 0 0 0 15 0 0 0 17 25 0 20 0 0 0 12 9 0 0 0 0 0 4 0 0 0 13 0 0 0 0 0 0
9 0 0 0 0 0 0 0 0 0 0 0 0 0 5 0 0 0 0 0 0 0 4 0 0 0 0 0 0 0 0 0 0 0 0 0 0 0 0 0 0 0 0 0 0 0 0 6 0
6 4 0 4 0 0 8 16 16 0 0 0 0 0 0 3 14 0 0 0 0 3 0 0 20 10 0 7 0 0 0 28 24 0 4 0 0 0 0 4 0 0 0 0 0 8 4 3 13
0 0 0 0 0 0 0 0 0 0 0 0 0 0 0 0 0 0 0 0 0 0 0 0 0 0 0 0 0 0 0 0 0 0 0 0 0 0 0 0 0 0 0 0 0 0 0 0 0
0 0 0 6 0 0 0 0 0 0 6 0 0 0 0 0 0 0 0 0 0 0 0 0 0 0 0 0 0 0 0 0 0 0 0 0 0 0 0 0 0 0 0 0 0 15 11 0 5
0 0 0 0 0 0 0 6 0 18 27 0 0 0 0 8 22 22 13 0 0 0 5 17 0 0 0 0 0 0 0 0 0 0 0 0 0 0 0 0 0 0 9 0 0 0 16 0 0
0 0 0 0 0 0 0 0 0 0 0 0 0 0 0 0 0 0 0 0 0 0 0 0 0 0 0 0 0 0 0 0 0 0 0 0 0 0 0 0 0 0 0 0 0 0 0 0 0
33 0 5 0 0 35 25 0 0 0 0 0 0 0 0 0 0 0 0 7 0 0 0 0 0 0 0 0 0 0 0 0 0 0 0 13 0 0 0 3 3 0 5 0 0 0 0 0 0
47 10 9 0 6 27 42 4 0 0 0 0 5 19 0 0 0 0 0 4 15 4 0 6 0 0 0 0 17 7 0 0 0 0 0 30 0 0 0 0 9 5 22 0 0 0 13 6 7
31 28 41 39 19 21 18 0 14 30 28 40 0 0 3 7 0 17 21 11 0 15 5 0 30 16 0 0 0 0 0 21 0 0 0 0 0 0 0 0 25 36 0 0 0 0 0 33 17
0 0 0 0 0 0 0 0 0 0 0 0 0 0 0 0 0 0 0 0 0 0 0 0 0 0 0 0 0 0 0 13 0 0 0 0 0 0 0 0 0 0 0 0 0 0 0 0 0
42 7 0 5 0 4 32 19 0 0 0 0 0 5 0 0 0 0 0 0 0 0 0 0 0 0 0 0 0 0 0 0 0 0 0 0 0 0 0 0 0 0 0 0 0 0 0 0 0
33 17 15 27 35 13 25 12 11 5 8 20 17 8 6 0 0 0 0 0 0 0 0 0 0 0 0 0 0 6 0 3 0 0 0 4 6 0 7 17 25 19 7 0 0 9 13 12 42
27 0 0 0 0 43 27 13 0 0 0 3 0 21 15 0 20 4 0 11 13 6 14 27 11 16 3 0 0 11 24 24 14 13 7 7 19 16 13 18 29 16 4 16 0 0 14 15 40
58 7 20 22 13 35 47 0 0 0 0 10 0 11 0 0 0 0 0 0 0 0 0 0 0 0 0 0 0 0 0 0 0 0 0 0 0 0 0 0 0 0 0 0 0 0 0 0 14
0 0 0 0 0 0 0 0 0 0 0 0 0 0 0 0 0 0 0 0 0 0 0 0 0 0 0 0 0 0 0 0 0 0 0 0 0 0 0 0 0 0 0 0 0 0 0 0 13
27 0 0 5 0 0 11 0 0 0 0 0 0 0 0 0 0 0 5 0 0 0 0 12 18 11 0 0 4 0 12 19 12 0 0 0 0 5 0 19 11 0 3 3 0 0 15 6 23
26 3 30 47 39 27 18 31 24 30 59 35 7 9 23 0 24 51 14 25 4 36 0 12 25 0 0 4 0 0 0 18 0 0 17 6 0 0 10 17 0 32 16 0 0 0 0 21 38
0 0 0 0 0 0 0 26 0 0 0 0 15 0 0 0 0 0 0 22 0 0 0 5 13 0 0 0 0 0 7 0 0 0 0 0 0 0 0 0 0 0 0 0 0 5 0 0 17
0 0 0 0 0 0 0 0 0 0 0 0 0 0 0 0 0 0 0 0 0 0 0 0 0 0 0 0 0 0 0 6 0 0 0 0 0 0 0 0 0 0 0 0 0 0 5 6 0
23 0 0 0 0 0 10 0 0 0 0 0 0 0 0 0 0 0 0 0 0 0 0 0 0 0 0 0 0 0 0 0 0 0 0 0 0 0 0 0 0 0 0 0 0 0 0 0 0
49 24 0 0 17 42 47 0 0 0 0 0 0 7 0 0 15 18 0 3 27 0 0 0 4 18 0 31 0 10 0 33 28 3 24 18 8 20 19 10 11 9 20 12 6 0 0 13 23
0 0 0 5 14 8 3 0 0 0 0 6 8 0 0 0 0 0 12 0 0 0 0 0 3 0 0 0 0 6 16 5 0 0 8 0 14 18 10 9 19 12 0 0 4 15 15 14 5
43 28 20 18 25 28 23 32 25 16 22 18 28 19 34 15 0 10 0 27 6 28 10 0 0 0 6 10 21 9 0 0 0 0 0 25 9 0 0 13 11 9 26 0 0 0 0 9 23
0 0 0 0 0 0 0 0 0 0 0 0 0 0 0 0 0 0 0 6 0 0 0 0 0 0 0 0 0 0 0 0 0 0 0 0 0 0 0 0 0 0 0 0 0 0 0 0 0
92 19 13 21 22 50 66 7 0 0 0 21 9 15 0 0 0 8 0 0 22 0 0 0 0 0 0 9 0 0 0 9 0 0 8 15 0 0 3 0 0 0 18 0 0 0 0 0 0
3 9 12 19 10 0 0 0 8 16 25 11 0 0 4 5 3 17 6 0 0 4 0 0 9 0 0 0 4 0 0 3 0 0 0 4 0 0 0 0 3 9 13 12 18 16 12 18 17
13 0 0 0 4 0 6 0 0 0 0 3 0 0 0 0 0 0 0 0 0 8 0 0 13 0 0 0 0 0 0 0 0 0 3 0 0 0 0 0 0 0 0 0 0 0 0 0 0
0 0 0 0 0 0 0 0 0 0 0 0 0 0 0 0 0 0 0 0 0 0 0 0 0 0 0 0 0 0 0 0 0 0 0 0 0 0 0 0 0 0 0 0 0 0 0 0 0
0 0 0 0 0 0 0 0 0 0 0 0 0 0 0 0 0 0 0 0 0 0 0 0 0 0 0 0 0 0 0 0 0 0 0 0 0 0 0 0 0 0 12 0 0 0 0 0 0
0 0 0 0 0 0 0 0 8 0 0 0 0 0 13 18 3 4 0 20 0 17 34 27 27 9 15 0 0 14 0 12 0 0 0 0 11 0 0 0 0 0 0 0 0 0 8 11 0
27 10 0 0 0 9 0 15 12 26 36 33 6 0 0 0 15 25 28 24 0 0 8 18 24 43 33 0 0 10 12 43 53 35 0 0 11 23 39 29 12 0 18 0 0 12 3 18 0
0 0 0 0 0 0 0 0 0 0 0 0 0 0 0 0 0 0 0 0 0 0 0 0 0 0 0 0 0 0 0 0 0 0 0 0 0 0 0 0 0 0 0 0 0 0 0 0 0
71 32 34 36 46 80 78 42 33 46 47 33 45 42 28 14 17 24 0 33 25 21 19 20 0 0 12 15 17 23 19 8 0 0 9 36 27 16 8 0 11 13 37 27 10 14 28 38 46
10 0 0 0 0 0 0 0 0 0 0 0 0 0 0 0 0 0 0 0 0 0 0 0 0 0 0 0 0 0 0 0 0 0 0 0 0 0 0 0 0 0 0 0 0 0 0 0 0
0 0 0 0 0 0 0 0 0 0 0 0 0 0 0 0 0 0 0 0 0 0 0 0 0 0 0 0 0 0 0 0 0 0 0 0 0 0 0 0 0 0 0 0 0 0 0 0 0
17 0 0 0 0 0 0 0 0 0 0 0 0 0 0 0 0 0 0 0 0 0 0 0 0 0 0 0 0 0 0 0 0 0 0 0 0 0 0 0 0 0 0 0 0 0 0 0 22
0 0 0 0 0 0 0 0 0 0 0 0 0 0 0 0 0 0 0 0 0 0 4 0 0 0 0 0 0 0 0 0 0 0 0 0 0 0 0 0 0 0 0 0 0 0 0 0 0
24 29 31 35 39 36 38 27 15 11 0 31 22 25 14 0 0 21 13 0 23 0 0 0 0 0 0 22 0 0 16 4 0 0 12 14 0 35 24 18 27 26 17 5 5 14 24 4 15
0 0 0 0 0 0 0 0 0 0 0 0 0 0 0 23 0 0 0 0 0 17 0 14 26 0 0 0 0 0 5 5 0 0 0 0 0 0 0 0 0 0 0 0 0 0 0 9 3
0 0 0 32 17 0 0 0 0 0 3 0 0 0 0 0 0 0 0 0 0 0 0 0 0 0 0 0 0 0 0 0 0 0 0 0 0 0 0 0 0 0 0 0 0 0 0 0 0
26 0 0 0 0 3 4 4 0 0 0 5 0 0 0 0 0 0 0 0 0 0 0 0 0 0 0 0 0 0 0 7 6 0 0 0 0 0 0 0 0 0 0 0 0 0 0 0 0
26 5 0 4 0 20 24 0 0 0 0 0 0 5 0 0 0 0 0 0 0 0 0 0 4 0 6 0 0 0 0 0 0 0 0 0 0 0 0 0 0 0 0 0 0 0 11 3 30
0 0 0 0 0 0 0 0 0 0 0 0 0 0 0 0 0 0 0 0 0 6 0 0 0 0 0 0 0 0 0 0 0 0 0 0 0 0 0 0 0 0 0 0 0 0 3 0 0
0 0 0 0 0 0 0 0 0 0 0 0 0 0 0 0 0 0 0 0 0 0 0 0 0 0 0 0 0 0 0 0 0 0 0 0 0 0 0 0 0 0 0 0 0 0 0 0 0
24 0 0 0 0 16 8 0 0 4 10 0 0 0 14 14 10 24 0 0 0 19 7 0 22 13 0 0 0 9 38 55 22 6 0 0 6 27 19 10 0 0 0 0 0 7 0 5 0
0 0 0 0 0 0 0 0 0 0 0 0 0 0 0 0 0 0 0 0 0 0 0 0 0 0 0 0 0 0 0 0 0 0 0 0 0 0 0 0 0 0 0 0 0 0 0 0 0
0 0 0 0 0 0 0 0 0 0 0 0 0 0 0 0 0 0 0 0 0 0 0 4 14 7 0 0 0 0 0 16 59 11 0 0 0 0 0 8 3 0 0 0 0 0 0 0 0
0 0 0 0 0 0 0 0 0 0 0 0 0 0 0 0 0 0 0 0 0 0 0 4 0 0 0 3 0 0 0 12 0 0 6 0 0 0 0 0 0 0 0 0 0 0 0 0 0
16 0 0 0 0 0 0 13 0 0 0 0 5 8 0 0 0 19 3 0 20 0 0 11 50 47 19 33 0 0 13 41 0 0 15 0 0 0 11 5 0 4 12 0 0 0 0 17 22
0 0 0 0 0 0 0 0 0 0 0 0 0 0 0 0 0 0 0 0 0 0 0 0 0 38 21 0 8 0 0 12 26 6 0 0 0 0 0 0 0 0 0 0 0 0 0 0 0
38 19 0 5 14 16 36 25 0 0 0 0 0 7 0 0 0 0 0 5 14 0 0 0 0 0 0 26 0 0 0 12 0 25 22 10 0 0 0 9 13 14 7 0 0 0 0 5 0
55 0 19 0 31 40 20 27 0 0 0 11 34 0 8 6 6 16 0 37 19 11 0 0 0 0 3 3 8 0 0 0 0 5 0 22 0 12 0 3 0 11 39 0 0 10 0 0 11
0 0 0 0 0 0 0 0 0 0 0 0 11 0 0 0 0 0 0 0 0 0 0 0 17 0 0 0 0 0 0 10 0 0 0 0 0 0 0 0 7 0 0 0 0 0 0 0 0
50 27 13 20 28 35 24 24 7 0 0 3 6 3 9 0 10 14 0 11 6 0 3 16 41 25 26 14 4 0 0 18 10 17 12 14 9 7 24 25 13 0 38 0 0 13 19 18 0
0 0 0 0 0 0 0 0 0 0 0 0 0 0 4 0 0 0 0 0 0 9 0 0 0 0 0 0 0 0 0 0 0 0 0 0 0 0 0 0 0 0 0 13 0 0 0 0 0
19 4 0 9 11 18 16 14 0 11 18 8 15 7 0 0 9 0 0 5 9 4 0 7 0 0 0 22 0 17 5 11 3 3 23 9 17 28 14 9 4 4 27 29 22 23 0 0 25
0 0 0 0 0 0 0 0 0 0 0 0 0 0 0 0 0 0 14 0 0 0 0 0 0 0 0 0 0 0 0 0 0 0 0 0 0 0 0 0 0 0 0 0 0 0 0 0 0
0 0 0 0 0 0 0 0 0 0 0 0 0 0 0 0 0 0 0 0 0 0 0 0 0 0 0 0 0 0 0 0 0 0 0 0 0 0 12 7 0 0 0 0 0 0 0 0 0
43 7 0 17 10 17 27 0 0 10 3 0 0 14 0 0 9 8 0 0 3 0 0 0 0 0 10 6 0 0 0 0 6 0 5 18 0 0 0 7 0 23 15 0 0 0 0 3 24
0 0 3 0 0 0 6 0 0 0 0 0 0 0 0 0 0 0 0 0 0 0 0 0 0 0 0 0 0 0 0 0 0 0 0 0 0 0 0 4 0 0 0 0 0 0 0 0 15
27 16 19 15 9 15 16 7 13 7 13 20 24 19 10 0 0 26 24 7 9 0 0 0 0 0 0 0 4 0 0 0 0 0 4 4 7 25 8 0 28 0 4 0 0 13 15 6 0
27 0 0 0 0 0 15 0 0 0 0 0 0 0 0 0 0 0 0 0 0 0 0 0 0 15 5 0 0 0 0 0 0 0 0 0 0 0 0 0 0 0 17 10 0 0 0 0 18
62 22 0 0 0 30 55 24 0 0 0 0 8 20 0 0 0 6 0 0 0 6 6 8 3 0 0 0 11 13 9 0 0 0 0 31 11 0 0 0 0 4 34 6 0 0 0 11 38
0 0 0 0 0 0 0 0 0 0 0 0 0 0 0 0 0 0 0 0 0 0 0 0 0 0 0 0 0 0 0 0 0 0 0 0 0 0 0 0 0 0 0 0 0 0 0 0 0
0 0 0 0 0 0 0 0 0 0 0 0 0 0 0 0 0 0 0 0 0 0 0 0 0 0 0 0 0 0 0 0 0 0 0 0 0 0 0 0 0 0 0 0 0 0 0 0 11
0 0 0 0 0 0 0 0 0 0 0 0 0 0 0 8 12 0 0 0 0 0 19 17 6 0 0 0 0 3 0 0 0 0 0 5 9 0 0 0 0 0 15 12 0 4 0 0 0
11 0 0 0 0 0 0 0 0 0 0 0 0 0 0 0 0 0 0 0 0 0 0 0 0 0 0 0 0 0 0 0 0 0 0 0 0 0 0 0 0 0 0 0 0 0 0 0 0
0 0 0 0 0 0 0 0 0 0 0 0 0 0 0 0 0 0 0 0 0 0 0 0 0 0 0 0 0 0 7 0 0 0 0 0 0 6 0 0 0 0 0 0 4 0 0 0 0
0 0 0 0 0 0 0 0 0 0 0 0 0 0 0 0 0 0 0 0 0 0 0 0 0 0 0 0 0 0 0 0 0 0 0 0 0 0 0 0 0 0 0 0 0 0 0 0 0
17 0 0 0 18 23 13 33 0 10 17 19 27 21 22 3 3 0 24 15 27 10 7 9 11 13 12 31 0 0 0 0 0 0 25 5 0 0 0 0 0 3 13 0 0 0 3 0 37
0 0 7 0 0 0 0 0 18 3 0 0 8 5 0 0 0 0 0 0 0 6 5 0 0 0 0 0 18 0 0 3 0 0 0 14 3 8 6 0 0 14 17 5 11 0 0 14 18
49 8 22 18 24 23 58 24 0 0 13 13 32 40 0 0 0 8 0 8 25 0 0 16 8 0 0 18 0 0 14 30 0 12 27 12 0 0 19 18 37 22 17 5 6 15 26 8 20
0 0 0 0 0 0 0 0 0 0 0 0 0 0 0 0 0 0 0 0 0 0 0 0 7 11 5 0 0 0 0 0 0 0 0 0 0 0 0 0 0 0 0 0 0 0 0 0 0
17 0 3 8 6 0 0 0 0 14 20 34 11 0 0 9 38 33 6 7 0 0 7 28 21 13 0 0 0 5 20 39 0 0 10 0 0 37 32 29 40 20 0 0 36 24 18 12 0
0 0 0 0 0 0 0 0 0 0 3 0 0 0 0 0 0 0 0 0 0 0 0 0 0 0 0 0 0 0 11 5 0 0 0 10 0 5 7 0 0 0 7 0 0 11 11 0 0
0 15 14 16 28 34 0 16 0 0 17 20 47 0 0 19 6 9 32 34 9 0 4 8 0 0 0 0 6 5 13 0 0 0 0 24 23 32 28 25 9 0 19 26 6 10 0 0 0
58 14 13 20 28 40 46 34 7 0 10 15 19 28 9 7 0 0 0 7 23 0 0 0 0 11 13 8 0 0 0 22 22 18 26 11 0 0 0 0 0 19 21 0 0 0 4 12 34
0 0 0 0 0 0 0 0 0 0 0 0 0 0 0 0 0 0 0 0 0 0 0 0 0 0 0 0 0 0 0 0 0 0 0 0 0 0 0 0 0 0 0 0 0 0 0 0 0
79 15 11 27 51 68 54 37 24 29 30 41 52 44 29 11 19 24 25 49 47 27 11 5 18 0 3 37 18 10 0 5 0 0 20 39 0 0 17 26 43 21 33 0 0 8 20 43 49
49 7 12 13 4 20 46 0 0 0 13 5 0 13 0 0 0 0 0 0 5 0 0 0 0 0 0 11 8 0 0 0 0 0 0 36 0 14 0 0 0 18 39 19 21 15 0 0 5
0 0 0 0 0 0 0 0 0 0 0 0 0 0 0 0 0 0 0 0 0 0 0 0 0 0 0 0 0 0 0 0 0 0 0 0 0 0 0 0 0 0 0 0 0 0 0 0 0
52 0 3 0 0 14 25 0 0 0 0 0 0 0 0 0 0 10 0 0 0 0 0 0 0 0 0 0 0 0 0 6 0 0 0 0 0 0 0 0 0 0 0 0 0 0 0 0 0
0 0 0 0 4 0 0 0 0 0 0 0 0 0 6 0 0 0 0 0 0 0 0 0 0 0 0 6 0 7 5 9 0 5 6 0 17 6 0 12 15 9 0 0 14 9 12 9 0
0 0 0 0 0 0 0 0 0 0 0 0 0 0 0 0 0 0 0 0 0 0 0 0 0 0 0 0 0 0 0 0 0 0 0 0 0 0 0 0 0 0 0 0 0 0 0 0 0
22 11 0 0 0 17 25 0 17 0 0 0 0 15 7 0 0 0 0 14 8 6 5 9 5 0 0 17 0 0 13 27 0 0 24 0 0 22 11 0 29 18 0 0 0 0 0 0 0
0 0 0 0 0 0 0 0 0 0 0 0 0 0 0 0 0 0 0 0 0 0 0 0 0 0 0 0 0 0 0 0 0 0 0 0 0 0 0 0 0 0 0 0 0 0 0 0 0
0 0 0 0 0 0 0 0 0 4 0 0 0 0 0 13 0 0 0 0 0 11 0 0 0 0 0 0 0 0 0 0 0 0 0 0 0 0 0 0 0 0 0 0 0 0 0 0 0
0 0 0 0 0 0 0 0 0 4 0 0 0 0 7 0 0 0 0 0 0 0 7 4 0 0 0 0 0 5 11 3 0 0 0 0 0 21 0 0 0 0 0 0 6 10 0 0 0
0 0 0 0 0 0 0 0 0 8 10 0 0 0 0 0 0 0 0 0 0 5 8 0 12 0 0 0 0 15 9 19 0 0 0 0 0 22 16 0 0 10 0 0 15 11 13 8 16
0 0 0 0 0 0 0 0 0 0 0 0 0 0 0 0 0 0 0 0 0 0 0 0 0 0 0 0 0 0 0 0 0 0 0 0 0 0 0 0 0 0 0 0 0 0 0 0 0
7 0 0 0 0 0 8 0 0 0 0 0 0 0 0 0 0 0 0 0 0 3 0 0 0 0 0 0 0 0 0 0 0 0 0 0 0 0 0 0 0 0 0 0 0 0 0 0 0
0 0 0 0 0 0 0 0 0 0 0 0 0 0 0 0 0 0 0 0 0 0 0 0 0 0 0 0 0 0 0 0 0 0 0 0 0 0 0 0 0 0 0 0 0 0 0 0 0
0 0 0 0 0 0 0 0 0 0 0 0 0 0 0 0 0 0 0 0 0 0 0 0 0 0 0 0 0 0 5 0 0 0 3 0 0 5 0 0 0 3 0 0 0 0 0 0 0
9 0 0 0 0 0 0 0 0 0 0 14 0 0 0 0 0 4 13 0 0 0 0 0 0 0 0 0 0 0 0 16 0 0 0 0 0 0 0 0 6 0 0 0 0 0 0 0 0
12 0 0 7 0 8 4 0 7 0 0 10 0 0 11 0 0 0 0 0 0 7 0 0 0 0 4 0 0 0 0 0 0 0 0 0 0 20 0 0 12 12 10 14 19 13 16 24 19
9 0 3 0 0 0 9 0 0 0 0 0 0 0 0 0 0 7 4 0 0 0 0 7 16 5 0 0 0 0 0 16 0 0 0 0 0 0 0 0 0 0 3 0 0 0 14 0 0
59 0 0 0 13 35 32 4 0 0 0 0 0 3 0 0 0 0 0 26 7 0 0 0 29 10 5 6 0 0 0 13 0 0 0 8 0 0 0 0 0 0 14 0 0 0 0 10 16
0 0 0 0 0 0 0 0 0 0 0 0 0 0 0 0 0 0 34 15 0 10 0 0 0 0 0 0 0 0 0 0 0 0 0 0 0 0 9 0 6 0 14 0 19 13 16 0 0
31 0 17 0 0 8 0 13 15 0 15 4 0 0 10 9 12 5 10 9 0 0 6 12 0 0 0 0 0 0 0 0 0 0 0 7 0 0 0 0 0 0 26 0 0 4 8 3 15
32 14 20 18 19 24 36 17 7 3 7 0 10 26 0 0 0 0 0 30 26 0 0 0 7 24 40 14 0 0 0 12 28 23 0 6 0 0 10 7 0 0 20 18 9 11 9 23 12
0 0 0 0 0 0 0 0 0 0 5 12 0 0 0 0 0 0 0 0 0 0 0 0 0 0 0 0 0 0 0 0 0 0 0 0 0 0 0 0 6 0 17 0 0 0 0 0 0
33 33 26 19 29 32 21 24 37 19 10 21 34 16 31 30 23 23 38 37 15 23 25 17 24 22 41 12 24 21 16 5 30 39 11 29 29 18 17 18 27 17 31 29 20 29 35 29 20
0 0 0 0 0 0 0 0 0 0 0 0 0 0 0 0 0 0 0 0 0 0 0 0 0 0 0 0 0 0 0 0 0 0 0 0 0 0 0 0 0 0 0 0 0 0 0 3 14
0 0 0 0 0 0 0 0 0 0 0 0 0 0 0 0 0 0 0 0 0 0 0 0 0 0 0 0 0 0 0 0 0 0 0 0 0 0 0 0 0 0 0 0 0 0 0 0 0
7 0 0 0 0 0 0 0 0 0 0 0 0 0 0 0 0 0 0 0 0 0 0 0 0 0 0 0 0 0 0 0 0 0 0 0 0 0 0 0 0 0 11 0 0 0 0 0 0
40 20 0 0 0 29 31 7 8 0 0 0 0 0 12 14 0 31 20 7 0 11 16 5 17 58 49 0 18 14 0 34 46 35 0 24 0 0 8 0 4 0 21 0 0 0 11 11 7
0 0 0 0 0 0 0 0 0 0 0 0 0 0 0 0 0 0 0 0 0 0 0 0 17 10 0 0 0 3 8 8 0 0 0 0 0 16 32 19 0 0 0 0 0 6 0 0 16
0 0 0 0 0 0 0 0 0 0 0 0 0 0 0 0 0 0 0 0 0 0 0 0 0 0 0 0 0 0 0 0 0 0 0 0 0 0 0 0 0 0 0 0 0 0 3 0 0
0 0 0 0 0 0 0 0 0 0 0 0 0 0 0 0 0 0 0 0 0 0 0 0 0 0 0 0 0 0 0 0 0 0 0 0 0 0 0 0 0 0 0 0 0 0 0 0 0
0 10 3 10 0 0 0 0 13 0 0 0 0 0 0 24 6 0 0 0 0 13 11 0 0 0 0 0 12 15 0 0 0 0 0 11 30 11 0 0 8 0 16 19 13 8 5 9 14
32 0 0 10 0 0 9 0 0 7 24 5 0 0 0 0 0 12 0 0 0 0 0 0 0 3 0 0 0 0 0 6 0 7 0 0 0 0 0 0 0 0 0 0 0 0 0 7 47
0 0 0 0 0 0 0 0 0 0 0 0 0 0 0 0 0 0 0 0 0 0 0 0 0 0 0 0 0 0 0 0 0 0 0 0 0 0 0 0 0 0 0 0 0 0 0 0 0
34 0 0 0 0 0 18 0 0 9 0 0 0 8 0 0 0 0 0 0 19 0 0 0 0 4 0 0 0 0 0 0 0 0 0 13 0 0 0 0 0 0 38 7 0 0 5 0 0
0 0 0 0 0 0 0 0 0 0 0 0 0 0 0 0 0 0 0 0 0 0 0 0 0 0 0 0 0 0 0 0 0 0 0 0 0 0 0 0 0 0 0 0 0 0 0 0 0
32 0 0 0 0 12 15 0 0 0 0 0 0 0 0 0 0 0 0 0 0 0 0 0 4 0 0 0 0 0 0 12 0 0 0 4 0 0 0 0 0 0 13 0 0 0 5 0 11
23 7 5 11 21 24 7 13 6 19 32 30 31 5 0 0 0 21 0 20 9 6 0 3 0 0 6 9 0 0 14 13 0 15 21 4 0 36 14 17 44 21 17 3 22 19 27 24 44
40 0 0 0 0 0 34 0 0 0 0 0 0 7 0 0 0 0 0 0 13 0 0 0 0 10 0 15 0 0 0 13 25 5 11 0 0 0 0 0 0 8 17 0 0 5 0 0 0
0 0 0 0 0 0 0 0 0 0 0 0 0 0 0 0 0 0 0 0 0 0 0 0 0 0 0 0 0 0 0 0 0 0 0 0 0 0 0 0 0 0 0 0 0 24 0 0 0
0 0 0 0 0 0 0 0 0 0 0 0 0 0 0 0 0 0 0 0 0 0 0 14 8 0 0 0 0 0 20 32 0 0 0 0 0 9 16 13 0 0 0 0 0 0 0 0 0
31 0 0 0 0 0 0 18 0 0 0 0 0 0 0 0 0 0 4 16 0 0 0 0 8 0 7 3 0 0 0 0 0 0 0 0 0 0 0 8 0 0 17 0 0 0 0 0 4
5 0 0 0 0 6 3 0 8 0 29 36 0 0 0 0 0 21 40 9 0 0 0 0 20 42 36 0 0 0 0 23 57 41 0 0 0 0 0 34 23 0 0 0 0 0 0 0 9
34 7 0 11 19 19 46 0 5 0 31 26 33 32 0 7 6 3 9 17 6 0 18 13 11 22 23 17 0 17 15 36 22 31 23 14 5 11 31 27 32 26 21 24 22 38 34 40 34
0 0 0 0 0 0 0 0 0 0 0 0 0 0 0 0 0 0 0 0 0 0 0 0 0 0 0 0 0 0 0 0 0 0 0 0 0 0 0 0 0 0 0 0 0 0 0 0 0
48 0 16 8 0 21 24 15 0 0 15 0 0 20 0 0 3 31 22 0 10 0 0 0 4 12 9 0 0 0 0 8 0 0 0 7 0 0 0 0 0 0 12 0 0 0 0 0 15
0 0 0 0 0 0 0 0 0 0 0 0 0 0 0 0 0 0 0 0 0 0 0 0 4 0 0 0 0 0 0 18 17 0 6 0 0 0 0 0 0 0 0 0 0 0 0 0 0
0 0 0 0 7 0 0 0 0 0 0 0 0 0 0 0 0 0 0 0 0 0 0 0 0 0 0 0 0 0 0 0 0 0 0 0 0 0 0 0 0 0 0 0 0 9 9 0 0
0 0 0 0 0 0 0 0 0 0 0 0 0 0 0 0 0 0 0 0 0 0 0 0 0 0 0 0 0 0 0 0 0 0 0 0 0 0 0 0 0 0 0 0 0 0 0 0 0
0 0 0 0 0 0 0 0 3 5 0 0 0 0 0 0 0 0 0 0 0 8 0 0 0 0 0 0 0 0 0 0 0 0 0 0 0 0 0 0 0 0 0 0 0 0 0 0 0
0 0 0 0 0 0 0 0 0 0 0 0 0 0 0 0 0 0 0 0 0 0 0 21 0 0 0 0 0 5 19 0 0 0 0 0 0 0 0 0 0 0 0 0 0 0 0 0 0
0 0 0 8 0 0 0 0 0 0 0 0 0 0 0 0 0 0 0 0 0 0 0 0 0 0 0 0 0 0 0 0 0 0 0 0 0 0 0 0 0 4 0 0 0 0 0 0 17
0 0 0 0 0 0 0 0 0 0 0 0 0 0 0 0 0 0 0 0 0 0 0 0 0 18 0 0 0 0 0 0 0 0 0 0 0 0 0 0 0 0 0 0 0 0 0 0 0
0 0 0 0 0 0 0 0 0 0 0 0 0 0 0 0 0 0 0 0 0 0 0 0 0 0 0 0 0 0 0 0 0 0 0 0 0 0 0 0 0 0 0 0 0 0 0 0 0
0 0 0 13 0 0 0 12 12 16 19 10 0 0 4 15 18 6 0 4 0 20 0 0 0 0 0 3 3 0 0 7 0 0 0 0 0 0 4 8 7 13 13 0 0 3 17 10 0
0 0 0 0 0 0 0 0 0 0 0 0 0 0 0 0 0 0 0 0 0 0 0 0 0 0 0 0 0 0 0 0 0 0 0 0 0 0 0 0 6 0 0 0 0 0 0 0 0
68 43 36 26 13 56 79 27 0 7 15 0 11 46 0 0 0 0 5 0 10 0 0 0 0 11 0 12 0 0 0 30 0 0 10 24 12 0 0 11 25 28 14 17 0 0 12 18 38
52 8 8 0 4 17 13 32 0 0 0 0 14 13 0 0 0 4 8 9 6 0 0 0 0 24 10 0 0 0 0 7 23 26 0 5 0 0 0 0 0 0 18 0 0 0 0 0 17
0 0 0 0 0 0 0 0 0 0 0 0 0 0 9 0 0 0 7 0 0 6 0 0 15 21 15 0 0 0 0 32 27 13 0 0 0 0 22 37 6 0 0 0 0 0 7 0 5
12 3 0 0 0 0 0 16 0 0 0 0 4 7 5 7 5 3 0 8 12 0 0 0 8 0 0 0 0 0 0 9 4 0 0 0 0 0 0 0 5 0 0 0 0 0 5 12 0
0 30 20 10 14 20 0 16 34 18 18 19 28 9 14 23 16 7 14 18 11 20 18 8 0 16 40 9 28 24 14 0 25 33 0 21 33 10 3 0 9 4 20 30 17 11 5 7 6
7 25 25 33 27 30 27 35 51 18 27 20 29 28 29 28 14 0 0 21 8 38 18 7 9 0 18 17 22 5 15 17 0 10 11 9 0 0 19 12 21 15 23 13 8 10 20 35 43
30 3 0 25 24 44 32 0 10 0 12 11 6 15 9 0 0 20 11 26 30 25 13 16 28 21 18 13 12 8 0 28 26 0 0 16 13 28 27 35 17 0 28 14 8 17 16 9 0
50 4 5 5 6 13 17 0 11 0 10 9 0 0 0 4 15 7 0 0 0 3 13 8 0 0 0 0 0 0 0 4 0 5 3 0 0 0 0 0 9 4 18 4 0 0 12 30 34
0 11 4 8 11 0 0 0 0 0 4 5 17 0 0 0 0 10 0 0 0 0 0 0 0 0 0 0 0 9 0 11 0 0 0 0 0 0 0 0 0 0 0 5 0 0 0 9 20
0 0 0 0 0 0 0 0 0 0 0 0 0 0 0 0 0 7 26 0 0 0 0 0 24 4 0 0 0 0 0 30 29 0 0 0 0 28 16 23 0 0 0 0 3 9 0 0 0
46 29 12 13 21 16 21 30 0 0 0 13 0 0 4 0 0 0 0 4 0 0 0 0 0 0 0 0 0 0 0 14 0 0 0 0 0 0 0 13 0 4 0 0 0 0 15 0 0
0 0 0 0 0 0 0 0 0 0 0 0 0 0 0 0 0 0 0 0 0 0 0 0 0 0 0 0 0 0 0 0 0 0 0 0 0 0 0 0 0 0 0 0 0 0 0 0 0
41 45 10 21 33 44 33 16 24 9 9 17 25 15 0 0 0 9 22 21 16 0 0 5 59 31 37 28 0 0 6 38 38 26 12 24 7 61 38 33 27 21 23 10 30 39 41 39 30
0 0 0 0 0 0 0 0 0 0 0 0 0 0 0 0 0 0 0 0 0 0 0 0 0 0 0 0 0 0 0 0 0 0 0 0 0 0 0 0 0 0 0 0 0 0 0 0 0
0 0 0 0 0 0 0 0 0 0 0 0 0 0 0 0 0 0 0 0 0 0 0 0 0 0 0 0 0 0 0 0 0 0 0 0 0 0 0 0 0 0 0 0 0 0 0 0 0
0 0 0 0 0 0 0 0 0 0 0 0 0 0 0 0 0 0 0 0 0 0 0 0 0 0 0 0 0 0 0 0 0 0 0 0 0 0 0 0 0 0 0 0 0 0 0 0 0
7 0 0 0 0 0 0 0 0 0 0 0 0 0 0 3 18 5 0 16 0 6 24 37 26 23 20 0 6 21 31 35 44 37 0 10 11 18 18 12 5 0 11 5 11 24 13 5 0
4 0 0 0 0 9 9 11 0 0 0 0 0 0 0 9 30 0 0 0 0 5 21 24 6 0 0 0 7 0 22 10 0 0 5 7 6 0 9 0 0 19 0 0 9 0 4 8 18
64 16 26 14 18 25 42 8 0 0 0 0 0 0 0 0 0 0 0 0 0 5 0 0 0 8 0 0 9 0 0 6 3 0 0 0 0 0 0 0 0 0 4 0 0 0 0 0 0
5 0 6 18 14 24 0 0 0 0 16 10 0 0 0 0 0 19 16 0 0 0 0 3 0 0 0 0 0 0 10 12 0 0 0 0 0 11 0 8 10 0 0 0 0 0 0 0 0
11 6 7 7 4 0 0 11 0 0 12 9 0 0 0 0 0 14 0 0 0 0 0 0 10 0 0 0 0 0 0 14 18 7 0 0 0 7 20 18 5 0 0 0 0 10 6 3 0
41 0 18 25 20 16 30 9 0 12 20 17 4 3 0 0 3 9 0 0 0 0 0 0 14 6 0 0 0 0 0 8 3 0 13 0 0 0 4 12 0 23 16 0 3 16 9 22 39
0 0 0 0 0 0 0 0 12 0 0 0 0 0 0 33 19 4 14 0 0 0 17 16 0 0 4 0 0 0 0 7 0 0 0 0 0 0 0 0 0 0 0 0 17 19 0 0 0
0 0 0 0 0 0 0 0 0 0 0 0 0 0 0 0 0 0 0 0 0 0 0 0 0 0 0 0 0 0 0 0 0 0 0 0 0 0 0 0 0 0 0 0 0 0 0 0 0
0 0 0 0 0 0 0 0 0 0 0 0 0 0 0 0 0 0 0 0 0 0 0 0 0 13 0 0 0 0 0 0 8 0 0 0 0 0 0 0 0 0 0 0 0 11 0 0 0
0 0 0 23 12 0 0 0 0 3 14 43 5 0 0 0 0 0 0 20 0 0 0 0 0 9 0 0 0 0 0 0 0 0 0 0 0 0 16 15 14 0 0 0 0 0 0 0 0
0 0 0 3 6 19 4 0 0 0 0 0 0 0 0 0 0 0 0 0 0 0 0 0 0 0 0 0 0 7 0 0 0 0 0 0 5 0 0 18 18 14 5 5 0 0 6 0 0
27 0 0 3 0 0 4 16 0 12 27 3 0 7 29 8 17 8 11 0 6 18 19 26 13 0 0 4 0 3 0 13 3 0 9 0 0 0 0 10 4 0 0 0 0 0 5 0 11
29 0 0 0 0 8 28 0 0 0 0 0 0 0 0 0 0 3 0 0 0 0 0 0 14 3 0 0 0 0 0 0 0 0 0 6 0 0 0 0 8 5 18 10 6 4 27 38 18
0 0 0 0 0 0 0 0 0 0 0 0 0 0 0 0 0 0 0 0 0 0 0 0 0 0 0 0 0 0 0 0 0 0 0 0 0 0 0 0 0 5 0 0 0 0 0 0 8
0 0 0 0 0 0 0 0 0 0 0 0 0 0 0 0 0 0 0 0 0 0 0 0 0 0 0 0 0 0 0 0 0 0 0 0 0 0 0 0 0 0 0 0 0 0 0 0 0
0 0 0 0 0 0 0 0 0 0 0 0 0 0 0 0 0 0 0 0 0 0 0 0 0 0 0 0 0 0 0 0 0 0 0 0 0 0 0 0 0 0 0 0 0 0 0 0 0
0 0 0 0 0 0 0 0 0 0 0 0 0 0 9 8 0 0 12 13 0 8 0 0 0 4 0 0 0 0 0 0 0 0 0 0 0 0 0 0 0 0 0 0 0 0 0 0 0
75 21 13 28 34 52 64 43 22 33 42 32 31 42 5 22 19 18 0 17 33 0 0 0 14 12 8 25 11 0 0 20 38 25 20 36 0 0 0 15 30 11 46 8 0 0 0 8 32
0 0 0 0 0 0 0 0 0 0 0 0 0 0 0 0 0 0 0 0 0 0 0 0 0 0 0 0 0 0 0 0 0 0 0 0 0 0 0 0 0 0 0 0 0 0 0 0 0
43 79 67 88 102 86 61 100 85 94 111 111 129 65 85 112 121 97 121 113 63 75 98 114 120 89 89 50 60 77 103 109 103 104 39 54 57 82 89 135 74 59 51 53 36 64 62 56 35
30 0 0 0 4 14 29 29 0 0 13 26 12 34 0 0 0 0 0 0 22 0 0 0 0 0 0 19 0 0 0 0 0 0 0 7 0 0 0 0 0 0 22 0 0 0 0 0 18
13 18 0 0 7 14 0 0 11 0 0 0 10 0 0 3 0 0 0 3 0 3 0 0 0 3 8 0 0 0 0 4 0 19 0 4 15 18 20 12 4 0 0 6 0 0 0 0 0
59 24 11 15 11 30 29 12 6 6 0 0 13 27 0 0 0 0 4 13 11 9 0 3 13 13 19 25 0 0 0 10 14 27 27 12 3 11 27 19 17 21 35 18 21 25 13 19 18
0 0 0 8 0 0 0 0 12 17 37 24 0 0 10 6 0 0 0 0 0 18 19 6 0 0 0 0 0 5 32 34 0 0 0 0 0 47 38 34 20 5 0 0 12 22 8 18 21
0 0 0 0 0 0 0 0 0 0 0 0 0 0 0 0 0 0 0 0 0 0 0 0 0 0 0 0 0 0 0 0 0 0 0 0 0 0 0 0 0 0 0 0 0 0 0 0 0
0 0 0 18 25 11 0 0 0 21 35 29 10 0 0 0 0 30 22 0 6 0 0 6 0 0 0 0 0 0 0 6 0 0 0 0 0 0 0 0 0 0 0 0 0 0 0 0 0
0 0 0 0 0 0 0 0 0 0 0 0 0 0 0 25 8 0 0 0 0 0 17 0 0 0 0 0 0 4 0 0 0 0 0 0 0 0 0 0 0 0 0 0 0 0 0 0 0
34 16 4 5 16 4 4 25 0 0 0 0 6 0 10 0 0 0 6 7 0 0 0 0 0 0 0 0 0 0 0 0 0 0 0 0 0 0 0 0 0 0 0 0 0 0 0 0 0
16 0 0 15 18 22 18 6 10 0 17 0 13 12 0 5 4 3 8 9 8 0 16 15 0 0 0 11 3 20 19 0 0 0 19 14 14 32 35 20 34 16 3 0 0 16 13 19 22
0 0 0 0 0 0 0 0 0 0 0 0 0 0 0 0 0 9 0 0 0 0 0 0 0 0 0 0 0 0 0 0 0 0 0 0 0 0 0 0 0 0 0 0 0 0 0 0 0
0 0 0 0 0 0 0 0 0 0 0 0 0 0 0 0 0 0 0 0 0 0 0 0 0 0 0 0 0 0 0 0 0 0 0 0 0 0 0 0 0 0 0 0 0 0 0 0 0
0 0 0 0 0 0 0 0 0 0 0 0 0 0 0 0 0 0 0 0 0 0 0 0 0 3 0 0 0 0 0 10 0 0 0 0 0 0 0 0 0 0 0 0 0 0 0 0 0
0 0 0 0 0 0 0 0 0 0 0 0 0 0 0 0 0 0 0 0 0 0 0 0 0 0 0 0 0 4 0 0 0 0 0 0 4 0 0 3 11 6 0 0 0 0 0 0 3
39 0 0 0 0 20 24 5 0 3 0 0 0 0 10 0 19 6 6 0 0 0 7 0 0 0 0 0 7 0 0 0 0 0 0 9 0 6 0 0 12 0 14 0 0 0 0 4 19
0 0 0 0 0 0 0 0 0 0 0 0 3 0 0 0 0 0 0 8 0 5 3 19 12 17 23 0 15 22 36 8 17 12 0 0 28 30 13 0 9 0 0 12 15 21 20 15 0
0 0 0 0 0 0 0 0 0 0 0 0 0 0 0 0 0 0 0 0 0 0 0 0 0 0 0 0 0 0 0 12 0 0 0 0 0 0 0 0 0 0 0 0 0 0 0 0 0
0 0 0 0 0 0 0 0 0 0 0 0 0 0 0 0 19 0 0 0 0 0 0 0 0 0 0 0 0 0 0 0 0 0 0 0 0 0 0 0 0 0 0 0 0 0 0 0 0
13 7 0 0 13 33 29 0 0 0 0 0 0 9 3 5 5 21 0 0 4 0 6 11 19 0 0 0 0 4 0 7 0 0 0 0 0 0 8 6 0 0 6 3 8 12 0 0 0
35 0 0 0 0 0 0 0 0 0 0 0 0 0 0 0 0 0 0 0 6 0 0 0 4 0 0 0 0 0 0 20 9 0 0 0 0 0 0 9 0 0 0 0 0 0 0 0 18
0 0 0 3 13 0 0 0 0 0 0 0 0 0 0 0 0 0 0 0 0 0 0 0 0 0 0 0 0 0 0 0 0 0 0 0 0 0 0 0 0 0 0 0 0 0 0 0 0
27 0 12 9 13 15 13 0 0 0 0 0 0 0 0 0 0 0 0 0 0 0 0 0 0 11 0 13 0 0 0 17 0 0 33 0 0 0 16 4 14 63 0 0 9 0 6 6 10
28 0 0 0 0 0 25 0 0 0 0 0 0 4 0 0 0 0 0 0 12 0 0 0 5 0 0 11 0 0 0 0 0 0 0 0 0 0 0 0 0 0 0 0 4 16 3 0 0
26 0 0 0 0 6 19 24 0 0 0 4 0 0 14 0 0 13 6 18 0 0 0 0 15 8 0 0 0 0 0 5 0 0 0 0 0 3 0 4 0 9 6 0 0 9 4 7 26
9 0 0 0 0 0 3 18 12 7 11 19 0 0 17 8 0 9 0 0 0 6 0 0 0 0 0 11 0 0 0 0 11 10 16 0 0 0 0 0 0 3 26 0 17 6 0 0 17
23 22 16 17 7 27 34 26 29 17 29 37 14 30 33 34 21 28 27 17 14 21 20 22 0 0 12 0 7 6 8 4 0 5 3 11 0 11 10 0 20 12 26 3 0 16 26 16 12
5 0 0 0 0 0 0 0 13 3 0 22 0 0 6 0 0 8 0 7 0 3 0 0 0 8 4 0 0 0 0 0 0 0 0 0 0 0 0 0 0 0 0 0 0 0 0 0 0
61 22 24 14 27 45 52 35 10 0 13 34 40 31 0 0 0 19 21 50 21 0 0 0 28 41 37 27 8 0 0 42 47 24 21 21 6 24 21 22 24 25 37 13 9 9 23 36 32
15 0 0 0 0 0 0 0 0 0 0 0 0 0 0 0 0 0 0 0 0 0 0 0 0 0 0 0 0 0 0 0 0 0 0 0 0 0 0 0 0 0 4 0 0 0 0 0 0
21 27 0 12 8 23 29 0 0 0 0 0 0 0 0 0 0 0 0 0 0 0 0 0 0 0 0 0 0 0 0 0 0 0 0 0 0 0 0 0 6 0 13 0 0 0 0 0 0
0 0 0 0 0 0 0 0 0 0 0 0 0 0 0 0 0 0 0 0 0 0 0 0 0 0 0 0 0 0 0 0 0 0 0 0 0 0 0 0 0 0 11 0 0 0 5 0 0
0 0 0 0 0 0 0 0 0 0 0 0 0 0 0 0 0 0 0 0 0 0 0 0 0 0 0 0 0 0 0 0 0 0 0 0 0 0 0 0 0 0 0 0 0 0 0 0 0
28 0 16 23 13 15 7 11 0 8 16 8 0 0 0 0 12 10 8 0 0 0 0 15 14 20 19 0 6 0 0 0 0 0 0 18 0 0 0 5 0 16 32 0 0 0 32 19 39
43 35 27 31 28 35 26 49 45 16 0 9 35 35 17 19 19 0 0 34 22 11 7 17 43 39 33 31 11 0 9 39 42 46 18 25 0 18 18 42 10 0 42 0 0 0 0 5 0
0 0 0 11 14 0 0 0 0 4 4 3 0 0 0 0 4 6 0 7 0 20 0 0 20 0 0 0 0 0 20 15 0 0 0 0 0 0 0 0 0 0 0 0 0 0 0 0 0
0 0 0 0 0 0 0 0 0 0 0 0 0 0 0 0 0 0 0 0 0 0 0 0 0 13 0 0 0 0 0 0 0 0 0 0 0 0 0 0 0 0 0 0 0 0 0 0 0
34 4 0 16 13 22 40 0 0 10 14 9 0 26 0 6 0 0 0 0 10 9 5 0 0 0 0 0 0 0 0 0 3 0 0 0 0 0 0 0 0 0 6 0 0 0 0 0 0
23 6 0 0 0 7 6 0 0 0 0 0 0 0 0 0 0 0 0 0 0 0 0 0 0 0 0 0 0 0 0 23 0 0 0 0 0 0 0 0 0 0 0 0 0 0 0 0 0
25 0 0 0 0 9 21 16 8 30 30 20 9 21 0 20 13 28 31 0 15 0 5 14 20 12 15 11 5 0 0 17 0 0 0 7 0 15 0 6 0 0 16 13 32 0 0 0 33
30 0 0 0 0 0 11 0 0 0 0 0 0 0 0 0 0 15 16 0 0 0 0 8 21 23 0 0 0 0 4 34 23 0 6 0 0 20 12 12 8 0 14 6 15 9 0 7 16
0 0 0 7 5 0 0 11 11 0 0 0 0 0 27 9 0 0 8 26 0 10 9 0 14 11 0 0 0 0 10 17 0 4 5 0 5 11 8 19 19 8 0 0 0 0 0 5 0
0 0 0 0 0 0 0 0 0 0 0 0 0 0 0 0 0 0 0 0 0 0 0 0 0 0 0 0 0 0 0 0 0 0 0 0 11 9 7 5 0 0 0 13 7 18 0 0 0
34 5 4 8 4 0 38 41 7 8 10 13 34 48 30 10 16 40 4 6 33 0 11 15 12 0 0 26 3 0 0 17 0 0 18 16 0 3 0 8 14 20 29 0 0 9 23 21 34
0 0 0 0 0 0 0 0 0 0 0 0 0 0 0 0 0 0 0 0 0 0 0 0 0 0 0 0 0 0 0 0 0 0 0 0 0 0 0 0 0 0 0 0 0 0 5 0 0
0 0 0 16 3 0 0 0 37 25 0 0 0 0 0 26 38 15 8 6 0 20 26 31 33 32 20 0 14 15 33 36 37 15 0 0 0 0 0 5 39 0 0 0 0 0 20 5 0
16 0 0 3 0 8 11 0 0 0 25 5 0 6 0 0 0 6 20 0 0 0 0 0 0 0 0 0 0 0 0 22 0 0 4 0 0 0 0 0 0 0 0 0 0 0 0 0 0
0 5 8 6 8 0 0 7 0 0 0 0 0 6 10 0 4 0 0 0 5 0 0 0 0 0 0 0 0 0 0 0 0 0 3 0 0 0 0 0 0 6 8 0 0 0 0 0 0
42 0 0 0 0 0 25 27 0 6 0 0 0 12 0 13 14 23 15 0 20 0 18 13 0 0 0 0 0 0 0 0 7 0 0 0 0 0 0 0 0 0 13 0 0 0 0 0 0
6 0 0 0 4 8 0 0 0 0 0 0 0 0 0 0 0 0 0 24 0 0 0 0 37 22 8 12 0 0 0 17 0 0 10 0 0 0 7 12 18 0 0 0 0 0 0 0 0
50 11 5 0 0 26 37 29 0 7 0 0 4 25 0 0 16 0 0 27 16 18 11 14 13 18 19 14 24 15 5 20 51 27 26 36 6 0 12 33 45 36 57 33 16 8 14 27 32
0 0 0 0 0 0 0 0 0 0 0 0 0 0 0 0 0 16 13 6 0 0 0 0 0 0 0 0 0 0 0 0 0 0 0 0 0 0 0 0 0 0 0 0 13 6 0 0 0
25 0 0 0 0 0 9 31 0 0 0 0 0 3 19 16 13 20 0 0 0 0 12 6 17 17 26 19 14 4 10 31 32 17 36 0 0 5 35 48 10 18 4 0 20 0 10 10 19
18 0 0 0 8 0 8 5 0 0 0 0 0 0 0 0 0 0 0 0 0 0 0 0 0 0 0 0 0 0 0 0 0 0 0 4 0 0 0 0 0 0 11 0 0 0 0 0 0
6 0 10 21 18 12 0 21 13 13 6 14 0 19 0 0 0 0 0 0 22 0 0 0 18 0 0 8 3 0 9 14 0 0 9 20 0 3 13 11 9 14 26 25 0 12 25 0 0
0 0 0 4 3 0 0 0 0 0 0 0 0 0 0 0 0 0 0 0 0 0 0 0 0 0 0 0 0 0 0 0 0 0 0 0 0 7 0 3 0 0 0 0 0 0 6 0 0
31 0 0 0 0 23 39 0 0 0 0 0 0 11 0 0 0 0 0 0 0 0 0 7 0 0 0 0 0 0 0 0 0 0 0 6 0 0 0 0 0 0 6 0 0 0 0 0 0
0 0 0 8 0 0 0 0 23 45 33 31 0 0 30 44 43 15 17 7 0 49 49 16 0 0 0 0 27 19 0 0 0 0 0 9 0 0 0 0 0 0 20 4 0 0 0 10 0
0 0 0 0 0 0 0 0 0 0 0 0 0 0 0 0 0 0 0 0 0 0 0 0 0 0 0 0 0 0 0 0 0 0 0 0 0 0 0 0 0 0 0 0 0 0 0 0 0
0 0 0 0 0 0 0 0 0 0 0 0 0 0 0 0 0 0 0 0 0 8 0 0 0 0 0 0 0 0 0 0 0 0 0 0 0 0 0 0 0 0 0 0 0 0 0 0 0
0 0 0 0 0 0 0 0 0 0 0 0 0 0 0 0 0 0 0 0 0 0 0 0 0 0 0 0 0 0 0 0 0 0 0 0 0 0 0 0 0 0 0 0 0 0 0 0 0
0 0 0 0 0 0 0 0 0 0 4 5 0 0 13 0 0 24 5 9 0 6 0 0 12 17 12 14 0 0 0 0 0 3 20 0 4 30 13 20 6 10 0 0 18 11 22 0 0
0 0 0 0 0 0 0 0 0 0 0 0 0 0 0 0 0 0 0 0 0 0 0 0 0 0 0 0 0 0 0 0 0 0 0 0 0 0 0 0 0 0 0 0 0 0 0 0 0
23 0 0 0 0 0 0 9 0 0 0 0 0 6 13 0 0 13 0 0 0 0 0 6 0 0 0 0 0 0 0 0 12 0 0 0 0 0 0 0 0 0 12 0 0 0 14 11 5
0 0 0 0 0 0 0 0 0 0 0 0 0 0 0 0 0 0 0 0 0 0 0 0 0 0 0 0 0 0 0 8 10 0 5 0 0 0 0 0 0 0 0 0 0 0 0 0 14
28 0 0 0 0 0 6 0 0 0 0 0 0 0 0 0 0 0 0 0 0 0 0 0 0 0 0 0 0 0 0 0 0 0 0 0 0 0 0 0 3 0 0 0 0 0 0 0 18
23 0 6 34 11 7 15 4 0 24 37 14 0 19 0 6 0 0 0 17 21 0 7 8 0 0 0 7 0 0 0 0 4 8 0 0 0 0 0 0 0 0 3 0 0 0 0 0 9
56 0 3 0 8 37 38 16 0 0 0 0 8 30 0 0 0 0 0 13 17 0 0 4 20 12 11 15 0 0 0 23 31 26 12 0 0 0 6 8 0 6 34 0 0 0 0 0 3
34 0 0 0 9 30 12 17 0 0 3 0 20 8 0 0 19 24 14 21 3 0 0 11 21 9 22 0 0 0 0 28 7 0 0 0 0 0 8 28 0 0 15 0 0 5 16 10 0
0 0 0 0 0 0 0 0 0 0 0 0 0 0 0 10 0 0 11 14 0 8 25 3 0 7 12 0 4 24 0 0 0 0 0 11 30 12 0 0 19 3 0 8 17 12 17 41 13
25 23 13 9 7 8 34 0 0 0 0 0 0 20 0 0 3 17 18 0 13 0 4 0 0 0 0 11 0 10 8 0 0 0 0 12 4 0 0 0 9 0 16 11 7 8 10 6 15
3 0 0 0 0 0 0 0 0 6 0 0 0 0 0 26 14 0 0 0 0 10 12 9 0 0 0 0 0 0 0 0 0 0 0 0 0 0 0 0 0 0 0 0 0 0 0 0 0
32 34 8 12 28 47 38 5 13 0 0 0 0 30 6 11 3 0 0 15 27 7 18 16 40 23 12 24 0 0 9 39 17 32 32 3 0 19 35 31 6 15 8 6 14 13 8 35 34
0 0 0 0 0 0 0 5 0 0 14 0 0 0 0 0 0 0 0 0 0 0 0 0 0 0 0 0 0 0 0 0 0 0 0 0 0 0 0 0 0 0 16 0 0 0 6 10 21
0 0 0 35 15 0 0 0 0 0 0 0 0 0 0 0 0 0 0 0 0 0 0 0 0 0 0 0 0 0 0 10 0 0 0 0 0 0 0 4 0 0 0 0 0 0 0 0 0
0 0 0 0 0 0 0 8 28 0 0 0 0 0 19 0 0 0 0 8 6 13 0 0 14 0 9 15 0 0 0 0 0 0 3 0 0 0 0 0 0 10 3 0 0 0 0 0 0
0 0 0 8 0 0 0 0 0 0 0 0 0 0 0 0 0 10 22 8 0 0 0 0 0 0 0 0 5 0 0 5 0 0 6 0 0 0 12 20 12 16 0 0 0 6 0 0 0
0 0 0 0 0 0 0 0 0 0 0 0 0 0 0 0 0 0 0 0 0 0 0 0 0 0 0 0 0 0 0 0 0 0 0 0 0 0 0 0 0 0 0 0 0 0 0 0 0
18 7 24 42 36 39 30 0 0 0 0 7 0 0 0 0 0 5 15 10 0 0 0 0 0 0 8 0 0 0 0 0 0 0 0 0 0 23 25 0 0 9 6 0 0 0 3 4 0
0 0 0 0 0 0 0 0 0 0 3 0 0 0 0 0 0 0 0 0 0 0 0 0 0 0 0 0 0 0 0 0 0 0 0 0 0 0 0 4 0 0 0 0 0 0 0 0 0
41 3 0 0 0 15 18 0 0 0 0 0 0 0 0 0 0 0 0 0 0 0 0 0 0 5 0 0 0 0 0 6 0 0 0 0 0 0 5 0 0 0 0 0 0 0 0 0 0
47 15 23 6 0 23 47 24 0 0 13 4 0 18 11 0 0 18 22 5 6 0 0 0 10 0 0 10 0 0 0 10 0 0 8 12 0 0 9 0 3 20 14 0 0 0 8 13 0
0 0 0 0 0 0 11 0 0 0 0 0 0 0 6 0 0 0 0 0 0 0 0 0 0 10 0 0 0 0 0 0 0 0 0 0 0 0 0 0 0 0 0 0 0 0 0 0 28
7 20 16 6 8 23 3 21 8 0 0 0 6 9 14 5 19 14 10 11 14 0 0 4 0 0 12 12 0 0 0 0 0 0 0 0 0 0 0 0 0 5 0 0 0 0 0 0 0
44 0 0 3 13 34 30 10 0 0 21 16 0 20 0 0 0 20 7 0 16 0 0 0 10 0 0 23 0 0 23 37 0 0 17 0 0 0 0 0 10 7 14 0 0 0 0 0 5
77 25 10 17 26 64 74 57 32 37 51 37 42 48 33 32 32 56 41 73 40 25 30 23 48 44 33 31 7 14 8 30 42 31 0 24 7 11 22 33 22 5 42 17 0 18 10 14 9
25 26 25 5 6 11 21 0 0 0 0 0 0 0 31 0 0 4 0 15 6 0 0 0 0 0 0 0 0 0 0 0 0 0 0 4 0 0 0 0 7 6 0 0 0 0 10 18 0
0 0 0 0 0 0 0 6 0 0 0 32 21 0 19 17 4 0 0 18 0 0 17 18 7 14 11 0 0 0 9 4 0 0 0 0 0 26 15 17 33 0 0 0 0 0 21 0 5
0 0 0 0 0 0 0 0 0 0 0 0 0 0 0 0 0 0 0 0 0 0 0 0 0 10 0 0 0 0 0 0 0 0 0 0 0 0 0 0 0 0 0 0 0 0 0 0 0
56 0 0 0 6 40 34 3 0 6 3 4 0 13 0 0 16 39 3 0 14 0 0 0 0 0 0 4 0 0 0 0 0 0 0 15 9 0 3 9 7 19 29 14 15 11 17 16 27
35 28 0 11 0 17 27 0 0 0 11 5 5 6 0 0 0 9 6 13 0 0 0 3 4 18 22 0 4 0 0 21 4 11 0 8 11 6 0 13 0 0 0 5 0 0 0 0 7
40 0 11 21 0 6 0 0 0 11 5 0 0 0 0 4 9 0 0 0 0 0 0 0 0 0 0 0 0 0 0 0 0 0 0 0 0 0 0 0 0 0 0 0 0 0 0 0 0
0 0 0 0 0 0 0 0 14 13 19 0 0 0 0 18 0 0 0 7 0 0 0 0 0 15 3 0 0 0 0 0 0 0 0 0 0 0 0 0 16 0 0 0 0 10 0 0 0
19 3 4 0 0 0 4 11 0 0 0 0 0 0 0 0 0 0 0 0 0 0 0 0 0 0 0 0 0 0 0 0 0 0 0 0 0 0 5 0 0 0 3 0 0 0 0 0 0
31 0 0 25 13 0 15 9 0 0 0 0 0 0 0 0 0 0 0 0 0 0 13 3 0 0 0 0 0 10 0 0 0 0 0 0 11 0 0 0 0 0 9 7 4 3 0 0 0
0 0 0 0 0 12 0 0 0 0 0 0 0 0 0 0 0 0 0 0 3 0 0 0 25 0 0 5 0 0 0 22 0 0 14 0 0 0 0 14 16 27 0 0 0 0 0 0 0
66 0 9 0 0 24 44 33 7 0 4 26 9 35 11 0 4 16 20 30 39 0 0 3 22 13 8 15 0 0 0 16 27 19 5 0 0 16 18 10 0 10 14 0 6 20 9 16 18
0 0 0 0 0 0 0 0 0 0 0 0 0 0 0 0 0 0 0 0 0 0 0 0 0 0 10 0 0 0 0 0 3 0 0 0 0 0 0 0 0 0 0 0 0 0 0 0 0
34 0 0 0 0 0 15 0 0 0 0 0 0 0 0 0 0 0 0 0 0 10 0 0 0 0 0 0 0 0 0 0 0 0 0 0 0 0 0 0 0 0 11 0 0 0 0 0 0
0 0 0 0 0 0 0 0 0 0 0 0 0 0 8 7 15 0 0 4 0 12 20 18 9 11 0 0 0 6 4 0 0 0 0 0 0 0 0 0 0 0 0 0 0 0 0 0 0
16 0 0 0 0 0 7 0 0 0 0 0 0 0 0 0 0 0 0 0 0 3 0 0 0 0 0 0 0 0 0 0 0 0 0 0 0 0 0 0 0 3 0 0 0 0 3 12 12
0 0 0 0 0 0 0 0 4 0 0 0 0 0 0 13 23 24 0 11 0 0 7 22 18 0 0 0 0 0 0 12 4 3 0 0 0 0 0 18 11 0 4 0 0 15 6 6 13
0 0 0 0 0 0 0 0 0 0 3 0 0 0 0 0 0 15 7 0 0 0 0 0 0 0 0 0 0 0 0 0 0 0 0 0 0 0 4 0 0 0 0 0 0 0 0 0 0
61 26 23 42 22 38 37 22 5 27 27 8 8 22 0 10 13 21 6 0 12 29 23 13 0 0 0 0 35 16 0 4 0 0 0 30 6 0 0 0 0 0 37 23 8 3 4 0 8
50 0 7 14 15 18 51 12 0 0 7 8 0 20 0 0 0 0 43 12 4 0 0 0 12 22 0 8 0 0 0 26 23 15 15 0 0 0 0 21 8 13 0 0 0 0 0 0 7
55 0 6 0 4 15 32 0 0 0 8 0 0 12 0 0 15 6 0 0 0 0 5 10 6 0 0 8 0 0 5 20 0 0 14 22 0 10 10 4 0 13 21 0 0 0 0 15 18
43 0 0 12 10 0 0 36 23 19 31 20 0 0 36 13 29 52 23 4 0 12 0 26 26 26 0 14 10 0 37 52 27 11 13 0 0 26 31 47 20 5 8 0 0 0 23 9 31
0 0 0 0 0 0 0 0 0 0 0 0 0 0 0 0 0 0 0 0 0 0 0 0 5 0 5 0 0 0 0 8 0 10 0 0 0 5 0 0 0 0 0 0 0 12 4 0 0
20 0 0 7 0 0 0 0 0 0 17 0 0 0 0 0 0 0 0 0 0 0 0 0 0 0 0 0 5 0 0 19 0 8 11 0 0 0 0 0 0 0 5 0 0 0 0 0 38
0 0 0 0 0 0 0 19 38 28 34 9 0 38 25 25 33 20 8 38 43 15 11 20 59 54 51 32 14 0 11 38 46 27 12 0 7 3 26 36 0 4 8 9 0 4 0 0 0
32 0 0 0 0 0 0 15 0 0 0 12 9 0 0 0 0 0 0 0 0 0 0 0 0 0 3 21 0 0 0 21 0 0 17 21 0 0 25 12 53 50 17 0 0 0 0 0 0
0 0 0 0 0 0 0 0 0 0 0 0 0 0 0 0 0 13 6 0 0 0 0 0 0 0 0 0 0 0 0 0 0 0 0 0 0 0 0 0 0 0 0 0 0 0 0 0 0
5 0 0 0 0 0 5 0 0 0 0 0 0 0 0 0 0 0 0 0 0 0 0 0 0 0 0 0 3 0 0 0 0 0 0 0 0 0 0 0 0 0 0 0 0 0 0 0 0
21 7 0 20 12 9 10 0 0 0 5 0 0 0 0 0 0 0 0 0 0 13 0 0 0 0 0 0 0 0 0 0 0 0 0 0 0 0 0 0 0 10 0 0 0 0 4 0 11
0 0 0 0 0 0 0 0 0 0 11 0 0 0 0 0 0 0 0 0 0 0 0 0 0 0 0 0 0 0 0 6 0 0 0 0 0 0 0 4 0 0 0 0 0 0 0 0 0
0 0 0 0 0 0 0 0 0 0 0 0 0 0 0 0 0 0 0 0 0 0 0 0 0 0 0 0 0 0 0 40 12 0 0 0 0 0 0 6 0 0 0 0 0 0 7 0 0
34 15 26 46 50 18 7 0 18 4 35 51 22 0 0 0 0 15 0 28 0 0 0 4 19 10 7 20 0 0 18 29 3 13 23 0 0 18 16 0 19 0 0 0 0 7 8 29 31
41 29 17 15 16 30 45 21 8 0 17 11 20 18 13 5 0 0 15 18 12 6 5 0 14 20 22 24 0 5 8 26 0 15 24 12 6 13 17 5 28 43 13 0 6 4 4 14 22
15 0 0 0 0 0 0 0 0 0 0 0 0 0 0 0 0 3 0 0 0 0 0 5 30 11 0 0 0 0 0 36 0 0 0 0 0 0 0 3 0 0 0 0 0 0 0 0 0
0 0 0 0 0 0 0 0 0 0 0 0 0 0 0 0 0 0 0 0 0 0 0 0 0 0 0 0 0 0 0 12 0 0 0 0 0 3 0 0 0 0 0 0 0 7 0 0 0
0 0 0 0 0 0 0 10 0 0 19 6 11 0 0 0 0 0 0 0 0 0 0 0 0 0 0 0 0 0 0 0 0 0 0 0 0 0 4 0 0 0 0 0 0 10 8 0 0
10 0 0 0 0 0 0 13 0 0 11 0 0 0 0 0 3 10 0 0 0 0 0 10 0 0 0 0 0 0 0 0 0 0 0 0 0 0 0 0 0 0 10 0 7 3 5 0 15
6 0 0 0 0 0 0 0 0 0 0 0 0 0 0 0 0 0 0 0 0 0 0 0 0 0 0 0 0 0 0 0 0 0 0 0 0 0 3 0 0 0 0 0 0 11 0 0 0
9 0 0 0 0 0 14 0 0 0 4 0 0 0 7 0 0 0 0 0 0 0 0 0 0 0 0 0 0 0 0 0 0 0 0 0 0 0 0 0 0 0 0 0 0 0 0 0 0
59 24 14 36 44 46 46 17 22 23 31 43 38 33 20 23 33 23 26 24 23 11 24 20 11 24 21 17 14 26 37 51 49 38 12 19 18 50 43 54 45 14 0 17 20 50 21 27 49
82 23 5 9 6 25 61 64 6 14 19 11 5 40 70 34 23 4 23 0 18 46 36 23 27 13 0 9 27 7 0 4 0 0 21 33 0 0 0 0 0 18 49 0 0 0 4 8 43
36 16 14 17 17 20 26 26 16 18 17 20 22 29 15 8 19 30 18 14 22 8 12 21 24 7 0 19 6 11 19 33 17 11 25 11 13 20 25 28 25 25 27 20 19 18 22 30 31
0 0 0 0 0 0 0 0 0 0 0 0 0 0 0 0 0 0 0 0 0 0 0 0 0 0 0 0 0 0 0 0 0 0 0 0 0 0 0 0 0 0 0 0 0 0 0 0 0
0 0 0 0 0 0 0 0 0 0 0 0 0 0 0 0 0 0 0 11 0 0 0 0 0 0 0 0 0 0 0 0 0 0 0 0 0 0 0 0 0 0 0 0 0 0 0 15 3
0 0 0 0 0 0 0 0 0 0 21 0 0 0 0 0 0 0 0 0 0 0 0 0 0 0 0 0 0 0 0 0 0 0 0 0 10 0 0 0 9 9 0 13 21 28 25 14 4
106 57 58 55 57 63 77 79 42 39 42 36 39 64 20 27 29 29 28 25 57 24 15 0 0 0 7 50 23 11 10 19 12 34 60 49 17 19 38 50 33 49 52 26 21 25 26 26 51
25 5 0 8 13 6 0 9 10 0 10 26 0 0 8 0 0 16 27 33 0 0 0 0 9 14 6 0 0 0 0 27 13 14 6 0 0 0 25 0 22 8 3 0 19 19 10 10 13
48 15 0 3 0 12 20 50 19 14 22 29 23 25 11 0 0 10 40 39 8 24 0 0 0 0 0 0 0 0 0 0 0 0 0 0 0 0 0 0 18 0 14 3 12 12 22 33 30
50 10 15 14 17 31 51 21 0 0 4 23 4 20 20 15 17 21 22 8 16 22 9 9 26 20 19 22 10 13 19 26 17 23 20 30 16 33 26 41 37 22 35 6 6 8 17 15 17
18 9 0 0 0 0 20 9 0 0 0 0 0 10 0 0 0 0 0 0 5 10 14 0 0 19 14 10 24 10 0 0 0 6 0 36 12 0 4 0 0 15 46 40 12 15 20 17 37
0 0 0 0 0 0 0 0 0 0 0 0 0 0 0 0 0 0 0 0 0 0 0 0 0 0 0 0 0 0 0 0 0 0 0 0 0 0 0 0 0 0 0 0 0 0 0 0 0
12 8 0 3 0 0 0 17 14 22 18 19 11 0 30 14 14 8 0 7 0 25 12 19 0 0 0 0 0 0 11 0 0 0 0 0 0 26 0 0 0 0 0 0 10 0 0 0 0
0 11 13 10 13 10 19 17 10 24 20 28 4 17 7 14 15 11 0 9 18 5 0 0 17 32 26 10 7 0 0 35 56 42 8 0 0 27 24 29 10 0 6 4 26 19 17 14 0
0 7 0 5 0 0 0 4 0 0 0 0 0 0 0 0 0 0 0 0 0 0 0 0 0 0 0 0 0 0 0 12 0 0 0 0 0 0 0 0 0 0 4 0 0 0 0 3 10
0 0 0 0 0 0 0 0 0 0 0 0 0 0 0 0 0 0 0 0 0 0 0 0 0 0 0 0 6 0 0 0 0 0 0 0 0 0 0 0 0 0 0 0 0 0 0 0 0
75 0 9 0 4 23 68 42 0 0 0 8 0 39 10 16 4 5 12 12 42 16 11 15 0 0 0 26 17 0 0 0 0 0 16 42 0 0 0 0 0 27 50 33 22 5 12 50 54
0 0 0 0 0 0 0 0 0 0 0 0 0 0 0 0 0 0 0 0 0 0 0 0 0 0 0 0 0 0 0 0 0 0 0 0 0 0 0 0 0 0 0 0 0 0 0 0 8
81 26 42 20 35 32 63 29 0 0 3 0 0 19 0 0 0 0 0 0 7 0 0 0 4 3 0 16 0 0 0 17 12 5 26 13 0 0 0 0 0 20 30 0 0 0 0 0 30
