13 0 25 18 34 10 0 16 4 6 8 26 6 0 0 8 23 14 8 6 10 0 0 0 1 0 0 18 19 12 0 0 0 0 24 13 10 10 2 8 24 32 12 28 26 3 1 0 9
0 8 0 6 0 1 10 13 11 2 0 0 22 16 23 0 0 11 28 14 15 9 0 0 8 38 36 10 0 0 0 9 33 20 0 1 0 0 4 6 0 3 0 0 0 0 1 0 0
36 25 25 10 0 31 48 20 21 22 21 9 11 29 12 18 14 10 3 10 22 12 17 0 13 14 0 14 16 19 9 9 16 0 14 15 0 1 1 0 10 14 22 17 0 3 18 20 21
37 9 10 0 0 14 36 16 4 14 11 33 20 14 9 3 10 8 16 9 19 1 0 9 11 0 2 19 8 0 2 3 12 0 19 13 0 16 8 12 17 14 31 19 32 15 34 28 1
35 16 12 11 13 20 28 32 8 10 9 12 20 37 13 3 0 8 9 4 23 0 12 10 0 28 8 16 0 8 0 9 19 8 15 11 0 0 0 0 10 0 21 0 0 0 10 9 0
104 17 30 3 13 50 67 39 0 0 0 1 16 33 6 1 0 6 0 8 34 0 0 3 11 8 0 24 14 1 15 9 0 0 22 25 0 0 2 0 0 16 38 0 0 0 0 15 34
48 12 9 9 1 31 43 0 2 0 0 0 6 18 1 0 0 0 0 4 12 6 12 3 4 28 21 15 16 2 9 0 15 25 14 18 2 4 0 0 0 21 32 19 10 0 0 25 24
19 12 9 24 8 8 35 26 31 49 38 40 14 26 23 17 16 0 0 17 15 13 12 3 0 0 3 10 0 9 0 0 0 12 6 16 0 0 0 17 11 10 17 0 26 29 16 6 27
16 4 8 9 0 12 20 18 0 0 0 27 0 0 10 0 9 18 10 3 0 4 4 16 21 18 0 2 0 9 17 13 13 2 10 0 2 0 16 11 4 12 4 11 22 18 0 0 0
19 12 20 0 0 16 28 14 6 11 12 0 1 16 0 0 2 10 11 6 14 0 0 1 0 0 0 6 13 0 0 0 0 0 0 20 4 0 0 0 0 13 19 19 0 0 0 0 17
18 1 9 4 3 14 15 0 8 10 0 0 2 0 0 11 12 0 0 2 4 4 0 13 16 39 33 11 0 2 8 0 0 0 0 0 4 2 2 0 0 15 0 2 0 0 2 9 18
0 0 0 0 0 0 0 0 0 4 11 8 0 2 14 6 21 20 19 0 10 4 14 29 11 6 0 4 3 6 10 6 0 0 0 0 3 0 0 3 0 0 10 0 0 0 1 0 6
0 0 1 0 0 0 0 19 0 0 0 0 8 16 0 0 0 0 0 1 14 0 0 0 3 0 0 16 0 0 0 11 1 8 14 0 2 0 13 9 0 8 0 0 0 0 0 0 0
12 0 8 4 2 14 16 8 2 1 8 0 0 3 2 0 0 15 0 8 0 0 0 0 10 0 0 0 0 0 0 6 10 0 2 6 0 0 0 0 0 0 8 0 0 0 3 12 9
67 31 18 4 0 36 49 20 0 0 0 0 11 20 0 8 17 3 6 14 16 0 0 13 4 4 0 19 18 6 9 15 9 0 23 24 2 8 11 3 0 21 27 0 0 0 1 0 11
25 14 15 13 4 25 26 19 29 30 12 27 19 25 22 34 25 14 14 11 21 9 16 12 2 3 21 9 0 14 0 0 0 0 0 15 14 0 0 10 18 8 17 0 0 9 13 18 24
23 0 6 0 10 19 26 12 0 0 0 0 0 27 9 0 0 0 0 2 29 13 0 0 0 2 10 24 15 3 0 0 3 0 15 16 1 0 0 0 0 0 29 14 0 0 0 0 4
37 8 4 2 6 21 27 15 0 0 0 19 15 17 1 0 0 10 12 15 10 0 0 0 0 1 0 16 10 0 4 8 6 10 18 19 0 18 10 16 15 23 19 3 0 0 0 3 21
0 4 9 3 0 4 4 11 18 12 0 6 0 0 3 0 0 0 0 0 0 10 0 0 0 0 0 0 1 0 0 0 14 12 0 6 0 0 0 4 0 0 16 0 0 2 0 10 0
2 0 0 0 1 0 1 10 0 0 8 0 2 4 0 2 4 0 0 0 0 0 4 4 0 0 0 3 0 1 8 0 0 0 0 0 3 21 24 3 0 0 4 0 0 0 1 0 8
20 19 16 26 17 22 28 24 24 15 0 9 20 25 22 0 0 8 18 23 20 11 0 0 25 22 34 24 17 4 3 15 40 30 6 17 0 9 10 14 12 12 30 15 0 4 3 1 0
0 4 0 3 1 0 1 0 0 6 0 0 0 12 0 0 0 0 0 0 0 0 0 9 0 0 0 0 0 1 0 11 0 14 8 0 2 14 0 12 10 0 0 0 2 1 2 2 0
50 36 21 17 11 35 53 20 0 18 17 19 24 35 3 0 16 15 23 20 36 0 0 0 0 0 0 19 23 0 1 19 1 2 23 27 19 8 18 35 27 23 25 27 0 3 25 23 20
37 18 31 13 21 33 34 24 10 16 15 2 12 36 0 10 4 10 16 18 33 0 12 0 15 18 10 35 13 16 12 20 25 28 36 23 18 0 9 12 17 27 31 14 9 0 9 19 27
8 9 4 6 0 3 6 1 0 0 12 28 4 0 0 6 0 16 22 9 4 0 0 0 20 1 0 0 0 0 0 14 0 4 0 0 0 15 14 21 16 0 6 3 3 8 0 0 2
0 0 0 0 1 0 0 15 0 0 11 11 0 3 0 0 0 13 17 18 0 0 0 0 0 16 22 0 0 0 0 0 37 21 0 4 0 0 0 22 0 0 9 0 2 15 0 2 2
52 24 21 0 16 37 56 11 1 2 0 13 4 29 10 0 6 0 2 0 24 3 0 0 0 0 0 15 11 0 6 0 0 0 16 21 0 6 1 0 0 21 22 19 0 0 0 9 34
44 23 13 0 4 28 42 24 0 0 11 13 16 36 0 0 0 9 22 16 30 0 0 0 4 16 1 27 9 0 0 0 40 19 12 17 0 0 0 19 11 6 24 0 0 0 0 14 32
4 8 0 8 11 16 22 6 9 9 3 9 0 19 11 0 0 0 24 11 14 11 0 0 9 0 9 16 0 0 0 0 0 1 10 0 0 6 0 0 0 17 0 0 0 0 0 13 33
14 11 9 14 13 0 0 0 0 0 0 8 6 0 0 0 0 0 8 0 0 0 0 0 0 0 0 4 0 4 11 0 4 0 13 0 8 13 10 8 12 15 0 10 10 14 3 6 0
4 0 0 0 0 0 0 1 2 2 0 0 1 22 0 9 17 17 20 0 16 0 2 2 4 4 9 0 4 1 0 4 31 12 0 0 0 0 0 12 0 0 1 6 0 0 0 0 0
12 14 25 18 22 15 20 17 12 20 25 20 18 18 30 16 0 3 17 23 27 21 28 16 18 0 14 31 14 16 14 15 17 19 33 10 10 29 25 27 15 15 15 8 18 28 14 12 24
36 25 20 16 10 29 32 0 18 15 8 25 27 21 3 2 8 12 11 14 16 0 1 13 0 26 20 9 9 0 14 8 50 16 19 12 0 29 17 19 25 25 29 16 28 22 16 19 38
23 4 0 11 8 0 16 4 0 4 0 19 20 12 0 13 13 4 0 4 15 13 0 2 0 0 18 19 10 11 9 0 29 27 11 3 6 10 6 16 8 14 8 0 1 18 25 19 29
24 14 12 3 14 22 30 0 10 19 19 0 0 11 0 2 0 0 0 0 6 1 6 16 12 14 0 0 16 18 17 3 9 0 8 9 11 26 16 0 0 0 4 20 33 14 0 0 0
19 8 0 3 0 9 14 0 0 0 1 0 0 3 0 0 0 0 25 13 0 0 0 0 12 57 15 0 1 0 0 6 54 23 0 0 0 10 11 0 0 0 3 0 0 0 0 0 0
0 3 3 1 2 1 0 0 3 22 30 35 13 13 0 17 31 25 22 17 11 8 0 12 0 21 14 6 12 8 4 21 36 18 13 9 6 6 0 21 23 11 11 0 11 15 11 10 25
25 0 9 6 8 23 27 17 0 14 0 17 15 20 6 10 15 6 22 17 11 0 0 1 14 15 20 10 14 0 8 6 12 9 12 15 3 0 0 4 9 18 8 10 6 0 0 2 37
46 25 27 12 9 34 38 25 0 2 2 12 22 36 2 3 17 18 8 29 32 0 0 11 2 0 17 20 15 11 3 10 23 24 21 21 10 27 0 9 13 19 28 14 22 0 11 34 30
21 9 27 19 25 19 25 22 0 0 1 14 23 19 3 0 0 0 11 6 0 0 0 3 0 0 0 0 0 0 1 0 0 2 9 4 3 9 0 0 11 0 11 0 4 3 0 0 0
11 2 0 0 0 6 12 0 1 3 2 4 4 0 0 0 0 0 10 11 0 0 0 3 4 0 2 0 0 0 1 0 0 0 0 0 0 2 0 0 0 3 0 0 6 0 0 0 8
23 21 19 13 16 19 15 25 22 18 12 16 16 23 23 20 23 12 21 17 17 18 18 22 21 28 18 15 21 24 30 22 33 28 17 24 20 21 30 25 22 20 27 26 17 25 30 18 24
3 4 9 4 0 1 0 16 0 0 0 0 0 8 0 0 0 3 0 0 0 0 0 0 2 6 0 3 6 4 0 9 0 0 13 11 0 0 0 8 0 18 14 14 0 10 2 1 6
17 0 11 10 13 0 17 34 3 0 13 22 14 30 14 0 0 0 6 3 24 0 0 0 14 16 0 22 0 0 8 10 4 0 25 16 0 1 11 10 8 9 32 11 3 0 8 4 15
45 10 16 15 9 19 33 13 3 0 0 0 0 4 0 0 0 9 17 0 2 0 0 0 0 12 20 0 6 0 4 1 11 0 3 3 0 0 0 0 0 6 0 0 0 0 0 0 21
27 8 13 0 0 16 18 0 8 0 0 0 6 0 3 0 0 0 9 0 10 0 0 0 4 0 0 4 2 0 0 0 0 1 12 6 0 0 8 4 1 0 12 6 6 2 1 9 11
17 0 0 0 0 3 12 0 0 11 0 0 0 10 8 8 0 0 8 0 3 13 12 0 9 15 9 0 3 3 0 11 31 16 3 0 0 0 0 0 9 10 2 0 0 0 0 18 18
0 0 0 1 0 0 0 4 3 0 0 2 9 0 0 0 0 12 21 0 11 2 0 3 0 8 0 18 0 0 12 17 23 11 15 0 0 24 15 21 0 0 0 0 14 17 10 6 0
0 0 0 0 0 0 10 15 0 0 0 0 13 15 14 0 0 0 0 20 8 4 6 4 0 0 0 0 0 0 0 0 0 0 0 0 0 1 2 0 2 0 2 0 0 0 8 6 0
34 17 17 0 6 20 30 25 1 10 22 40 12 14 0 0 14 0 0 27 13 0 9 6 0 35 22 14 4 0 0 0 0 10 0 19 0 0 0 4 0 2 18 15 0 0 0 0 1
32 24 22 13 16 26 28 24 10 12 15 14 3 13 19 0 0 0 3 28 11 0 0 0 12 0 15 6 0 0 0 9 18 19 14 0 0 0 8 22 0 3 14 6 4 0 0 0 35
43 18 25 12 8 23 43 17 0 2 0 0 10 24 0 0 2 11 23 10 26 2 3 11 20 0 0 19 14 2 9 19 14 12 12 20 8 1 0 3 9 28 23 8 2 0 0 16 37
17 0 0 6 6 9 16 12 1 0 8 28 32 21 14 10 13 12 24 9 21 6 11 9 4 3 8 17 0 8 12 19 34 23 21 0 0 32 33 16 20 13 14 13 25 25 20 4 12
50 33 28 3 6 33 52 54 0 4 0 6 27 40 10 0 4 12 18 28 37 3 4 6 28 0 6 26 9 11 11 19 0 6 23 20 14 0 23 15 17 27 32 20 15 14 15 21 15
12 0 3 0 0 8 11 0 0 0 16 19 3 0 0 0 0 0 13 17 4 0 0 0 14 0 0 0 0 0 0 4 3 1 0 0 2 11 0 0 3 4 1 0 0 6 4 6 26
14 9 22 13 11 20 26 13 0 0 0 0 13 11 0 3 11 13 0 0 9 0 2 13 17 0 0 13 6 3 26 11 0 0 24 10 12 16 4 3 6 41 17 6 11 2 17 24 36
47 16 18 10 3 28 37 32 0 0 0 12 0 20 23 0 0 0 10 12 17 15 0 0 3 0 9 17 14 4 4 6 1 9 15 26 10 22 22 16 0 32 44 24 24 19 19 45 71
33 1 0 1 6 14 34 10 12 2 20 0 18 35 27 25 15 11 25 9 28 31 15 0 12 37 32 21 23 0 0 16 45 31 2 21 0 10 0 22 12 4 44 19 21 19 11 10 14
0 8 9 14 2 15 15 4 19 15 10 6 3 12 24 26 30 29 0 1 14 12 23 16 2 0 0 3 0 13 3 0 0 9 2 0 4 0 3 2 0 0 8 3 11 0 4 4 4
28 8 10 0 8 25 30 6 0 0 0 0 23 24 0 0 0 0 0 0 19 0 0 0 2 0 0 26 0 1 0 6 0 6 26 4 1 0 1 0 9 20 0 4 0 0 0 0 19
22 27 30 19 21 18 19 50 11 12 30 32 25 8 15 0 0 24 26 35 19 11 0 4 8 0 0 16 0 2 6 12 10 3 16 3 0 9 0 2 11 31 8 0 8 28 15 1 22
0 0 0 0 0 0 0 0 0 0 0 0 0 2 0 11 4 0 0 0 0 0 0 6 0 17 22 0 6 3 0 0 0 0 0 10 0 2 0 0 0 0 19 0 0 0 0 0 0
28 10 10 0 17 13 20 16 3 9 0 6 20 9 12 0 2 16 14 23 16 0 6 0 11 0 3 20 6 6 11 0 0 0 24 15 0 0 0 0 0 15 13 0 0 0 0 13 12
6 0 0 4 0 0 2 12 0 0 0 10 3 6 0 0 0 0 0 0 0 6 0 0 3 24 8 16 12 0 0 0 14 15 11 0 0 0 3 0 0 0 15 0 14 0 0 2 0
22 0 0 2 4 4 0 3 2 1 15 0 0 0 6 0 0 22 24 2 0 0 0 0 0 0 0 1 4 0 1 0 0 0 0 2 0 0 4 1 6 0 0 0 0 3 0 0 0
41 16 23 4 11 27 31 23 12 0 21 20 16 10 10 1 0 3 12 13 4 18 1 0 0 2 12 9 11 8 0 0 12 8 10 16 15 6 6 16 15 0 17 0 9 1 9 17 10
4 0 4 13 0 2 0 13 20 14 16 19 16 18 12 0 3 1 12 16 10 23 6 0 6 1 13 3 2 2 0 1 0 3 0 0 0 0 0 12 0 0 1 0 0 0 0 0 0
1 0 0 11 0 0 4 4 0 0 1 2 1 9 12 6 10 15 13 0 9 3 9 18 11 0 0 12 0 12 9 16 0 0 8 9 10 1 10 20 2 1 10 9 0 1 2 10 9
11 11 0 8 11 16 8 15 0 0 0 0 11 0 1 0 0 2 11 9 1 0 0 0 0 0 0 10 0 0 0 0 0 0 12 4 0 13 3 4 0 16 3 0 0 0 0 0 17
22 0 0 0 0 4 11 15 0 10 25 15 0 12 8 13 18 1 18 12 15 15 17 9 28 32 31 14 23 9 2 11 21 20 11 25 15 11 1 0 0 4 34 32 38 18 11 26 34
33 14 11 6 0 24 33 12 3 1 10 0 17 24 9 0 0 0 12 6 17 15 6 8 12 0 12 16 15 0 16 9 0 0 20 10 0 18 18 16 2 27 15 0 16 12 10 23 32
30 10 24 21 16 25 34 16 0 10 1 0 10 21 0 0 0 0 0 8 19 0 0 0 6 38 20 18 8 3 0 13 17 9 16 15 0 0 0 0 0 10 23 9 2 0 3 12 2
31 0 0 0 0 0 26 11 0 0 0 0 6 1 0 0 0 0 0 10 9 0 0 0 11 17 8 4 4 0 0 8 23 15 12 2 0 3 0 2 0 6 0 0 0 0 3 1 0
0 10 11 16 8 11 13 16 2 2 16 14 11 10 10 0 4 0 14 16 10 9 0 6 18 0 11 17 14 0 6 15 4 0 15 21 0 11 20 32 3 27 21 9 8 1 3 0 11
0 0 0 0 4 2 0 0 1 3 0 15 0 0 0 9 3 9 17 0 3 0 4 0 0 16 4 2 6 0 0 0 23 8 0 0 6 0 10 6 0 3 0 0 0 10 0 0 0
20 16 21 14 14 24 20 21 12 10 1 0 21 17 0 6 2 6 0 1 18 23 13 0 0 14 0 20 15 10 14 10 0 1 18 13 11 6 18 0 0 19 13 9 4 0 15 16 24
0 12 4 9 1 0 8 11 15 4 4 1 19 17 11 3 3 6 16 15 18 12 12 0 19 21 9 20 11 17 0 2 0 0 14 3 22 0 0 0 0 8 11 26 16 6 12 21 8
39 18 2 1 0 27 32 17 0 2 0 16 0 9 8 8 0 0 0 2 0 21 4 6 26 15 4 0 14 0 12 26 38 18 1 6 0 17 12 0 0 0 8 0 12 18 6 20 18
17 10 4 6 11 11 18 14 14 6 10 0 10 15 9 2 3 0 16 20 18 10 9 4 0 0 4 12 16 4 4 0 9 0 0 19 2 1 0 0 4 8 23 3 0 0 0 8 24
21 8 25 0 15 15 9 8 0 3 0 3 6 1 4 0 10 0 0 0 9 1 4 0 0 0 0 0 0 1 0 0 0 0 1 0 0 0 0 0 4 8 0 0 0 0 0 0 3
52 9 0 0 0 27 39 25 3 4 0 0 4 29 0 14 16 0 0 0 25 23 25 10 4 0 0 19 14 11 0 0 11 0 19 21 0 0 0 0 0 16 37 30 12 0 0 20 27
9 9 13 14 6 15 22 0 16 3 11 10 16 11 17 1 4 1 16 17 0 10 0 0 8 9 16 9 11 0 0 0 0 0 1 13 3 0 0 0 0 0 13 16 8 0 0 11 13
34 15 19 0 11 21 12 30 0 0 0 12 14 10 19 21 38 6 0 4 13 14 27 26 4 15 4 12 20 17 22 21 27 16 23 13 6 15 22 20 16 15 14 2 0 15 26 11 30
0 14 12 1 0 0 8 21 15 13 0 8 20 17 12 9 9 0 0 10 20 0 4 0 0 15 1 18 12 0 3 48 50 37 31 0 0 12 17 40 20 9 12 0 0 3 0 16 25
16 8 4 0 2 18 15 12 2 0 0 0 18 0 0 0 0 1 0 12 2 0 0 0 22 32 23 12 0 0 0 31 48 39 19 3 0 0 4 17 0 2 1 0 0 0 0 0 0
52 16 11 4 0 24 21 0 4 0 0 16 3 4 20 16 26 1 0 0 1 15 16 14 0 9 3 0 16 15 2 4 0 11 0 15 12 0 1 0 4 0 24 24 17 1 1 14 13
50 15 17 28 25 33 51 21 2 9 0 0 15 41 0 6 15 0 0 15 31 0 12 13 0 1 27 20 22 13 6 2 11 24 16 31 14 10 0 0 0 34 44 41 25 25 0 14 34
3 2 1 0 1 13 9 0 3 0 0 0 0 0 1 14 6 14 6 2 8 6 14 6 0 0 0 0 9 10 3 0 0 0 0 0 8 3 3 0 0 0 4 9 0 8 0 4 0
12 13 11 10 14 6 11 18 12 17 11 27 26 24 24 24 21 15 11 9 24 8 14 10 9 2 0 18 0 17 0 8 18 10 15 0 15 12 20 12 22 6 11 13 0 11 4 3 11
39 21 15 15 14 23 30 34 1 0 12 21 21 33 0 0 0 0 3 16 29 0 0 2 10 35 27 23 14 12 1 29 34 33 20 22 19 11 6 17 17 19 31 22 16 17 20 14 33
26 4 12 9 0 13 9 1 3 0 2 0 0 0 0 9 8 10 11 0 0 0 0 4 6 10 10 0 0 4 10 8 8 0 1 6 0 4 0 0 0 0 10 3 6 15 0 0 1
18 0 0 2 0 0 13 0 15 0 15 30 0 13 26 19 3 0 36 24 8 24 16 3 15 24 29 0 0 4 0 4 31 15 0 2 0 0 0 8 2 0 13 2 0 0 0 0 0
44 16 15 25 15 38 35 8 0 0 0 4 0 18 0 0 0 8 1 0 17 0 4 0 0 1 0 0 15 13 13 0 3 6 10 24 19 3 10 11 1 1 28 33 22 2 2 6 32
0 1 11 0 3 3 16 37 0 0 0 1 8 22 8 0 0 0 6 0 24 4 0 0 0 0 0 15 0 0 0 0 0 0 19 13 0 0 0 0 0 0 18 9 0 0 0 0 20
125 51 48 20 18 73 128 66 11 0 9 20 41 99 11 0 1 3 0 10 72 3 0 0 2 0 0 45 29 0 0 3 10 1 33 51 2 0 2 1 2 35 90 36 4 0 2 22 78
58 27 26 22 0 45 50 20 8 6 6 13 0 4 11 0 0 11 40 14 0 3 0 0 0 0 0 1 14 0 0 1 0 0 4 23 0 0 0 4 14 19 25 0 1 4 3 4 23
12 1 0 0 0 8 4 0 0 0 0 0 0 0 12 0 0 11 3 3 0 0 0 0 4 0 0 0 3 0 4 0 0 0 0 2 3 6 0 11 0 0 8 0 2 0 0 0 0
0 0 0 0 0 0 0 0 0 15 23 0 0 3 0 10 20 13 3 0 4 0 2 6 0 0 0 0 8 0 9 0 0 0 0 4 4 1 10 6 8 0 6 9 4 1 13 24 30
2 11 3 0 3 0 9 4 8 0 0 0 9 23 16 0 0 0 0 0 11 11 2 6 2 0 0 14 12 0 8 0 0 0 12 6 2 11 0 0 0 11 16 2 0 0 0 0 0
36 16 18 11 0 15 17 6 0 0 0 14 13 0 0 0 0 0 0 0 2 0 0 0 0 0 0 0 0 0 6 2 14 9 0 0 6 3 0 0 0 2 17 14 0 6 0 0 0
17 0 14 2 0 0 2 18 9 14 29 6 3 15 1 3 0 6 6 0 0 21 8 0 0 12 4 6 24 0 11 24 44 25 0 18 0 0 0 13 0 0 27 8 19 13 17 17 12
2 0 0 0 0 0 0 0 1 9 1 0 0 0 11 0 1 0 0 1 0 2 0 0 4 9 0 0 0 0 0 0 0 0 0 4 0 0 4 0 0 0 18 0 0 0 0 0 0
3 1 4 0 0 8 10 17 4 3 0 0 0 13 0 0 0 0 0 4 15 0 0 0 11 0 0 8 3 4 0 6 0 0 0 13 1 0 0 0 0 0 22 3 0 0 0 0 0
4 11 22 12 14 10 8 27 3 17 14 23 30 11 9 0 0 15 15 43 3 1 0 0 11 8 11 19 6 0 0 0 0 0 17 6 1 6 2 12 18 19 11 10 30 17 0 12 26
51 26 31 25 29 30 51 37 0 10 21 37 20 26 34 13 21 30 32 20 24 8 15 19 23 20 11 19 21 15 33 16 21 27 25 25 16 19 20 13 20 17 33 24 14 8 15 3 15
36 1 0 0 0 13 36 0 0 0 0 0 0 12 0 13 0 0 0 0 2 3 0 0 0 0 2 0 0 0 0 0 0 0 0 9 0 0 0 0 0 0 16 0 0 0 3 0 0
42 0 0 0 6 20 24 17 1 12 17 0 10 23 10 12 0 10 25 0 21 13 11 9 10 13 10 14 18 10 0 0 16 13 8 29 4 2 0 8 0 0 29 0 1 0 0 10 2
23 9 0 13 0 1 13 14 0 9 11 29 6 6 15 0 10 26 18 14 6 6 4 9 12 19 15 2 17 4 6 0 1 3 0 19 0 0 0 10 16 8 35 2 0 0 6 8 22
40 10 4 3 0 24 29 0 0 0 14 0 0 15 0 0 9 14 0 0 14 8 6 9 0 0 0 0 16 0 0 0 0 0 0 24 0 0 0 4 0 0 31 0 0 2 0 6 20
34 23 24 19 11 21 35 20 20 13 29 32 24 42 19 1 15 9 24 20 35 4 0 2 8 0 8 26 11 8 0 0 10 0 14 16 2 0 0 0 0 19 32 13 9 9 4 6 20
13 0 0 0 1 10 6 24 0 0 0 8 22 3 0 0 0 6 0 9 10 0 0 0 0 0 0 23 0 6 9 3 0 0 24 4 0 0 2 0 10 27 3 0 0 0 9 0 39
8 4 0 2 10 0 0 9 16 19 0 2 0 0 22 0 0 0 15 12 0 2 0 0 9 17 3 9 0 0 0 0 0 0 0 6 0 0 4 0 0 9 9 13 12 9 1 17 17
49 0 9 8 12 26 34 21 0 10 22 45 28 33 1 0 13 26 33 14 31 8 10 0 16 30 34 21 12 0 0 17 39 22 10 22 6 0 0 13 2 24 32 18 1 0 0 16 32
24 18 15 6 14 21 24 17 0 0 19 36 10 28 0 0 0 12 14 12 31 0 0 0 0 0 0 14 9 4 0 2 22 11 19 10 4 0 0 0 11 27 24 20 2 1 12 12 17
38 16 6 11 21 26 29 9 10 1 14 28 18 14 0 0 0 6 6 8 10 0 8 11 10 9 0 8 9 0 15 2 0 3 13 14 9 25 10 0 17 14 26 11 20 25 16 3 0
6 15 17 19 13 11 0 0 1 0 8 9 10 0 6 0 4 0 0 6 0 13 0 6 8 0 14 0 0 0 12 14 2 21 13 0 0 0 0 2 3 6 0 0 0 3 0 0 6
0 12 16 11 10 0 0 2 12 0 10 0 11 14 6 0 0 0 1 17 11 0 0 0 0 0 0 11 1 0 9 9 0 3 15 9 4 0 10 1 0 12 15 13 0 0 0 0 0
11 2 6 0 6 3 0 0 0 3 9 11 0 0 4 1 8 0 0 2 0 2 4 0 0 1 3 0 4 11 0 0 10 9 0 2 9 1 12 9 0 0 0 0 14 29 0 6 0
1 8 0 0 0 2 1 13 6 0 6 0 12 15 1 0 0 13 18 10 13 0 0 3 0 0 0 10 0 3 3 3 0 0 12 12 0 0 0 10 6 0 14 0 0 0 4 0 6
37 18 15 2 3 13 25 6 0 0 12 8 3 9 6 2 18 22 6 0 4 8 6 14 9 0 10 10 22 2 2 8 2 0 9 14 0 0 0 4 9 13 13 8 6 11 6 16 8
16 3 8 0 0 12 16 12 0 0 0 0 0 10 0 0 6 0 0 3 6 3 9 0 0 10 9 10 11 6 2 0 20 19 6 12 3 2 0 0 3 11 12 13 0 0 3 15 18
19 0 0 0 0 3 0 0 0 0 0 0 0 0 0 0 0 0 0 0 1 0 0 0 0 2 0 0 0 0 6 0 6 0 0 2 0 4 6 0 0 0 0 0 0 0 0 0 0
22 10 10 13 11 12 10 12 0 0 25 29 25 0 8 0 0 0 11 8 0 0 0 3 0 12 15 0 0 6 8 3 28 9 16 0 4 22 8 1 12 37 0 0 15 13 19 18 24
0 0 0 8 4 0 3 0 0 0 2 0 0 0 0 0 0 0 0 0 2 12 2 0 0 0 0 11 16 1 0 0 0 0 8 0 1 0 0 0 0 8 12 10 2 1 0 19 32
9 3 0 3 0 0 6 12 0 11 34 13 12 0 17 26 10 40 53 10 6 8 23 13 0 0 0 0 0 15 14 14 0 4 0 6 14 14 6 11 0 0 11 6 12 4 2 0 0
18 13 0 0 0 0 14 21 6 11 6 20 24 18 24 2 0 24 19 19 22 19 2 8 14 24 10 21 15 6 17 20 10 16 16 15 3 14 10 15 10 3 19 0 8 1 11 9 8
13 4 0 0 0 4 0 2 23 21 0 0 0 0 0 34 27 0 0 2 0 21 18 9 2 11 15 0 17 3 15 1 0 0 0 6 0 0 0 0 0 0 12 10 6 0 0 0 4
0 0 0 0 0 0 0 2 0 0 0 0 0 0 9 0 0 0 0 0 0 0 3 0 0 0 2 0 0 6 0 3 14 3 0 0 0 0 0 0 0 0 0 2 2 4 0 0 0
50 22 26 20 14 28 44 35 9 6 0 0 15 30 9 10 8 0 0 0 18 20 19 0 11 10 0 12 22 16 0 23 6 0 0 26 16 11 13 2 0 26 29 24 6 2 6 11 32
0 0 15 13 12 6 1 0 0 0 0 0 1 0 0 1 0 1 0 3 0 1 9 0 19 48 30 8 16 6 0 20 33 29 14 13 10 0 1 9 20 14 14 15 13 0 0 9 3
0 0 0 16 11 0 0 2 6 0 14 30 2 2 11 0 0 3 0 3 0 3 0 0 0 6 0 0 0 0 0 0 0 0 0 0 0 0 0 0 0 0 3 0 0 0 0 0 0
0 1 12 0 6 0 0 3 9 12 10 0 0 0 0 1 0 11 0 0 2 0 0 0 4 0 0 2 0 4 0 0 3 0 6 0 1 0 4 17 1 0 0 0 0 9 4 9 4
14 11 17 0 10 14 22 9 0 3 0 10 19 15 0 0 0 8 8 17 6 0 0 0 6 0 0 8 0 0 6 0 0 1 16 0 0 8 8 1 18 22 13 0 4 0 0 0 8
0 13 6 8 10 14 15 12 8 0 0 3 1 2 13 0 0 11 19 4 1 10 0 0 2 0 0 0 0 4 2 0 0 9 0 8 2 2 0 0 4 0 9 0 0 6 0 0 0
0 0 13 12 11 0 0 1 0 0 3 2 6 0 0 0 0 9 0 0 0 0 0 0 0 0 0 2 3 0 0 0 0 2 4 0 0 0 0 0 0 11 9 2 0 0 0 0 0
24 8 0 10 1 10 22 0 0 0 0 0 0 0 0 0 0 0 0 0 0 0 0 0 0 0 3 0 0 0 2 0 0 2 0 6 0 0 4 6 0 0 2 3 4 4 0 0 0
49 0 18 11 4 19 24 9 0 0 9 14 0 9 0 0 16 17 26 0 10 0 8 18 10 26 9 3 10 6 1 0 15 18 2 16 1 0 0 3 0 0 20 12 3 0 0 8 21
39 30 13 0 1 35 39 13 12 9 13 0 17 24 3 0 4 13 0 3 17 3 0 0 0 0 0 10 8 0 11 0 0 0 0 11 0 4 0 0 0 17 19 0 0 0 1 0 0
14 4 11 4 18 0 1 0 0 0 0 9 0 0 0 0 0 0 0 0 0 0 0 0 9 39 27 0 8 0 0 6 29 24 0 0 0 0 3 0 2 0 1 0 0 0 0 0 8
20 27 34 29 28 24 33 19 9 16 19 0 0 8 14 0 6 12 18 20 9 0 4 0 14 10 13 14 0 6 8 0 0 6 0 14 0 0 2 0 10 16 23 21 0 0 0 0 25
61 25 29 20 20 38 53 37 11 10 0 15 34 54 19 0 22 3 0 10 39 17 0 11 12 24 20 22 25 9 3 0 23 19 24 30 14 6 0 0 0 32 43 22 8 0 19 34 56
1 8 0 0 0 3 1 1 0 0 0 0 13 0 0 0 0 0 0 0 4 10 8 0 0 22 16 0 6 0 0 0 10 9 10 0 0 0 0 4 2 0 0 1 0 0 0 2 1
0 9 0 6 0 0 0 0 2 8 0 9 8 2 0 0 0 6 6 17 1 0 0 0 11 6 10 3 0 0 4 9 11 3 1 0 0 0 8 15 8 0 2 0 0 0 0 0 0
26 11 15 0 1 16 21 25 16 13 8 13 12 21 17 0 8 14 0 3 15 9 1 8 11 0 0 6 17 0 6 0 20 9 0 11 0 6 0 0 0 12 21 6 2 0 6 6 22
0 0 20 14 16 0 0 30 29 22 38 18 20 9 26 11 10 0 15 34 9 13 12 12 26 0 8 23 13 4 8 4 0 0 23 8 10 9 21 12 14 31 6 9 0 0 0 21 20
29 17 20 4 4 27 34 12 0 0 0 0 2 25 0 0 0 0 0 4 14 0 0 0 3 0 11 14 12 0 0 14 0 0 12 10 1 0 0 12 0 9 12 12 0 0 0 0 13
26 10 10 0 8 13 27 20 14 20 24 21 19 20 11 13 15 8 20 28 16 0 18 13 17 19 17 12 10 4 6 12 8 3 11 19 10 9 19 0 0 25 23 19 20 18 14 22 27
18 14 10 8 0 9 28 15 22 12 21 8 0 15 19 0 18 0 0 0 14 2 1 9 0 0 0 0 3 0 2 0 9 0 0 0 0 0 3 0 0 0 8 6 6 0 2 0 18
12 10 3 4 2 9 33 1 4 2 2 13 10 6 4 0 3 15 0 9 0 0 0 9 22 24 23 15 9 0 0 26 68 41 19 9 0 1 4 6 18 30 6 3 16 0 14 19 12
56 22 21 0 12 42 31 25 0 1 0 0 0 11 0 0 0 0 0 14 11 0 0 0 3 16 11 21 11 2 1 0 0 10 20 11 4 2 1 2 0 17 15 10 9 0 1 27 23
15 0 0 0 3 9 33 13 0 0 0 19 15 19 16 1 0 0 39 15 14 11 0 1 6 0 3 9 0 0 13 0 0 0 15 2 0 21 9 0 9 13 13 0 9 1 4 12 26
2 25 14 13 0 0 0 13 20 11 0 25 31 0 0 0 0 8 18 18 0 0 0 0 0 0 0 1 0 0 0 6 3 0 8 0 0 21 13 11 41 23 8 0 6 29 17 0 0
46 19 19 12 20 25 32 10 8 22 23 37 29 27 0 0 17 16 6 12 16 0 2 12 18 23 38 21 17 0 16 13 36 23 13 27 0 19 0 2 0 11 30 0 0 2 9 1 20
30 10 0 0 0 23 37 25 6 0 0 2 3 28 22 16 3 0 11 6 15 20 15 2 0 9 8 0 14 0 0 0 0 0 1 14 0 0 11 0 0 10 23 6 0 0 0 29 54
24 0 0 2 8 20 18 0 4 1 0 17 18 12 0 0 15 4 0 0 4 0 11 16 0 15 10 3 0 1 4 6 0 0 14 11 10 0 0 0 1 24 14 10 9 0 0 1 0
18 0 0 2 0 9 19 1 0 0 17 31 0 8 0 0 0 0 4 0 1 0 0 0 11 60 39 0 0 0 0 0 41 23 0 0 0 0 0 0 3 0 9 8 0 0 0 0 1
3 0 3 0 0 0 2 3 3 13 11 0 6 12 2 0 0 13 0 10 8 3 0 0 8 0 0 6 0 0 3 0 0 0 4 0 0 1 0 0 0 2 1 0 3 0 0 0 1
18 0 2 0 0 6 23 23 0 1 0 8 1 13 14 1 2 11 10 2 8 12 0 10 9 0 3 13 0 0 4 9 2 0 13 0 0 10 0 6 6 16 3 4 0 0 0 0 0
22 8 10 17 21 15 34 17 20 23 34 36 23 49 37 27 12 13 44 17 40 27 23 18 16 33 22 38 10 12 15 18 17 22 29 19 10 22 18 25 20 3 29 18 14 0 17 15 29
18 13 17 10 0 18 23 8 16 0 16 31 9 0 6 0 0 0 11 6 0 0 0 0 0 44 29 3 0 0 0 0 38 27 0 3 0 0 0 11 18 0 23 1 0 0 0 0 0
11 1 1 0 10 6 0 1 0 0 1 6 0 0 0 0 0 3 2 8 1 0 0 0 0 11 16 0 4 0 6 0 18 16 0 0 0 0 0 0 4 0 13 0 0 6 6 0 0
26 10 19 0 13 24 35 18 9 0 0 13 11 25 9 1 0 0 12 11 19 4 0 0 0 0 0 17 10 0 0 0 0 0 11 19 0 4 4 0 11 18 27 20 12 14 11 9 24
32 25 20 1 1 23 33 12 0 1 0 0 0 14 0 0 0 8 11 0 11 0 0 3 0 1 0 8 2 0 0 0 0 4 3 9 0 0 6 4 0 0 14 0 1 0 8 10 0
69 24 22 10 19 46 65 17 0 0 0 11 18 39 8 0 1 2 13 13 33 10 2 0 9 0 0 27 12 0 0 13 16 14 20 17 0 0 0 0 0 18 41 12 3 1 3 15 30
20 21 16 0 16 24 30 29 3 0 10 2 20 29 10 0 0 4 0 0 31 0 0 0 0 10 0 26 1 11 8 8 11 8 24 13 0 14 17 9 3 21 17 17 14 28 14 4 15
15 4 6 16 12 15 26 4 10 6 4 17 18 14 0 11 0 0 0 14 0 17 0 0 0 0 0 17 10 0 0 26 20 21 32 0 2 0 0 8 11 27 2 0 0 0 3 23 56
30 24 24 12 13 23 41 30 3 6 0 0 15 33 10 0 8 13 0 11 32 0 0 12 14 0 0 22 0 0 6 27 1 9 24 20 4 0 4 0 16 26 25 16 0 0 0 1 25
3 0 0 0 0 0 0 0 0 0 2 0 0 0 0 0 1 0 8 3 0 0 0 2 0 0 3 1 3 2 0 0 8 0 0 2 0 0 10 9 0 0 9 11 4 14 0 0 0
29 31 25 18 16 28 35 34 22 12 21 22 20 43 3 9 14 11 9 25 40 0 11 0 4 2 0 30 13 0 4 14 39 19 19 22 4 11 17 18 12 25 40 28 2 19 12 16 32
22 26 30 22 17 10 20 23 13 15 31 35 19 12 24 9 0 16 40 21 0 31 10 9 17 23 3 13 24 6 3 2 25 3 14 13 4 0 8 13 16 14 19 12 8 10 0 0 12
1 11 0 24 9 3 4 3 0 4 16 13 0 15 0 0 3 0 2 3 14 1 0 1 0 27 28 24 6 0 0 16 56 40 17 8 1 9 0 12 4 35 13 8 4 3 24 18 20
0 10 20 20 15 0 0 15 6 3 13 9 0 0 0 0 0 1 0 0 0 0 0 0 0 29 16 0 0 0 0 0 10 15 0 0 0 0 0 0 2 6 0 0 0 0 0 0 19
64 40 35 23 19 58 76 18 15 12 17 18 19 41 0 4 29 25 9 8 36 0 0 17 17 0 9 29 22 20 2 1 18 10 22 35 9 0 0 13 18 21 40 23 21 0 14 11 25
22 10 4 0 1 12 21 9 2 6 0 0 0 13 0 0 0 0 2 6 9 0 0 0 0 9 1 11 14 0 6 16 21 15 9 16 0 0 0 13 0 3 23 0 0 0 0 0 0
1 4 22 11 11 10 18 11 20 20 30 21 23 26 8 14 24 30 19 21 18 0 11 23 34 15 9 16 1 10 22 11 1 11 26 9 10 22 28 16 0 48 14 12 18 24 19 10 25
37 36 25 16 18 24 44 36 11 12 12 22 12 22 15 6 3 11 0 14 12 11 4 6 8 21 16 10 15 0 8 15 39 26 0 21 8 33 21 12 0 0 38 21 18 12 0 14 24
24 15 6 0 1 9 18 20 4 11 22 12 1 22 6 0 15 19 13 11 25 0 4 0 0 0 0 12 11 0 4 0 0 0 0 19 2 0 1 4 0 0 18 2 0 0 0 0 0
28 0 14 15 20 19 27 24 32 13 27 22 14 34 15 26 16 13 0 3 20 23 18 4 11 20 10 18 14 0 11 20 22 12 22 14 4 0 8 22 16 10 18 16 15 13 0 25 25
40 0 12 0 0 19 33 0 0 2 0 0 0 0 0 0 0 12 8 0 2 0 0 1 0 0 0 6 2 1 0 0 0 0 13 20 9 11 0 2 4 0 24 3 4 18 8 0 6
0 0 0 0 0 0 0 0 2 2 0 0 0 2 0 0 0 0 1 2 1 0 0 0 0 0 0 3 0 0 0 0 0 0 0 0 0 0 0 0 0 2 0 0 0 0 0 0 0
72 41 23 18 19 47 61 31 22 14 8 0 36 37 1 25 21 8 0 0 36 9 0 3 0 13 9 31 19 0 18 19 9 6 28 35 0 11 6 9 8 14 53 33 27 12 8 18 41
11 14 22 8 15 13 4 11 2 1 0 0 0 2 0 0 2 0 0 0 0 0 0 0 6 0 0 2 0 0 14 11 17 11 0 1 1 0 19 0 8 15 0 3 0 0 13 4 14
48 26 26 18 27 34 42 41 13 16 14 30 29 36 28 18 16 22 39 32 32 26 12 9 47 72 44 37 17 3 0 57 53 34 41 19 0 10 19 26 14 39 31 14 6 0 3 13 34
20 9 15 14 9 13 15 16 0 0 0 2 0 11 16 0 0 9 19 0 12 0 0 4 4 0 0 10 10 3 8 0 0 1 10 11 3 12 0 0 3 0 12 6 0 0 2 0 11
44 17 18 0 0 14 25 31 21 20 19 32 25 34 30 0 6 10 11 19 36 17 3 11 6 0 0 17 16 11 14 13 0 0 11 17 9 15 19 15 24 0 32 8 0 4 11 3 0
37 15 36 28 26 38 47 26 17 20 20 50 24 22 26 0 0 13 22 27 22 3 0 4 24 24 23 22 11 6 3 22 35 30 24 18 1 24 18 17 16 22 38 22 24 29 25 28 38
9 8 3 0 14 3 14 2 15 14 27 45 36 22 31 10 4 16 30 28 13 14 8 0 11 0 13 15 0 0 4 2 11 16 8 0 0 6 9 11 17 16 0 0 0 18 4 0 27
18 3 6 0 1 0 10 14 0 10 30 32 0 0 0 0 13 23 21 0 8 0 0 0 0 8 3 12 0 0 0 1 10 11 27 0 0 3 3 0 0 20 0 0 8 0 0 0 3
36 23 25 23 17 36 42 8 4 11 14 16 14 21 0 8 0 0 0 11 14 11 9 8 12 15 18 17 21 8 12 0 19 0 4 13 11 15 12 9 8 9 20 22 0 11 6 14 26
17 0 3 0 0 6 0 0 2 1 0 0 0 0 0 0 0 0 0 0 10 0 0 0 0 0 0 0 2 0 0 0 0 0 0 0 2 0 0 0 0 0 10 4 0 0 0 0 0
48 28 12 9 0 32 56 37 32 24 13 17 15 48 44 18 9 0 10 18 42 21 10 6 0 1 6 20 18 9 9 6 0 0 15 30 1 4 0 9 6 14 48 14 3 2 0 18 49
0 1 3 0 0 6 4 0 0 0 1 0 2 1 0 0 3 20 15 11 0 0 16 11 0 0 0 8 4 14 12 0 0 0 0 0 3 3 0 0 11 0 0 6 13 12 9 3 0
19 13 14 9 20 20 23 23 20 9 0 30 19 14 20 0 0 0 21 19 15 0 0 4 18 23 12 17 0 6 17 1 0 14 17 2 12 33 15 20 20 13 0 9 14 19 4 0 0
15 16 15 10 10 19 23 0 4 2 14 0 0 14 0 0 0 18 13 0 11 3 2 0 0 0 13 0 9 0 0 2 0 0 11 10 0 0 0 10 2 14 20 16 17 3 2 24 27
6 0 0 0 0 2 0 13 11 0 3 9 20 16 12 4 14 0 0 14 18 0 3 0 6 8 23 9 6 1 0 14 32 22 14 0 8 0 0 1 0 9 9 6 0 4 6 13 6
24 13 0 14 9 27 23 2 10 10 1 0 15 14 4 3 10 0 0 14 4 0 0 11 12 27 15 12 3 0 0 18 44 30 20 1 8 3 2 8 4 14 6 18 13 14 9 20 21
30 16 20 19 14 19 20 10 0 10 14 13 13 11 4 0 11 12 11 0 9 0 10 0 0 6 0 10 11 6 3 12 14 20 12 13 3 0 0 0 8 18 20 11 0 0 0 11 25
24 11 16 0 13 17 17 19 2 18 34 43 4 1 12 1 24 38 30 2 1 0 1 0 9 11 9 0 0 0 0 12 0 0 2 0 0 15 17 3 0 12 16 16 20 15 10 15 27
1 10 6 0 0 12 15 9 1 0 0 1 20 10 17 0 0 8 24 37 12 13 6 6 16 18 22 12 6 0 0 14 15 11 15 1 0 0 0 4 16 4 4 0 0 1 0 3 0
21 16 0 14 15 17 26 1 0 0 6 40 18 9 2 12 6 0 0 2 0 0 3 0 0 12 17 6 9 0 0 10 32 26 4 15 8 12 14 17 12 12 26 8 18 21 18 24 25
6 0 0 0 0 0 0 0 0 0 0 0 0 0 0 0 0 0 0 0 0 0 0 0 0 0 0 0 0 0 0 0 3 0 0 0 0 0 0 0 0 0 0 0 0 0 0 0 14
21 15 1 1 2 8 15 20 2 0 0 1 14 20 11 1 10 0 4 22 21 10 10 18 0 0 0 17 13 23 9 0 0 0 14 12 16 10 0 0 14 16 16 15 2 0 0 0 23
34 31 35 36 27 30 42 28 15 13 10 18 25 37 26 11 10 0 13 27 31 18 9 19 23 16 6 30 22 10 17 12 6 9 26 21 9 0 10 0 2 16 30 21 13 0 0 19 38
13 0 0 0 0 15 21 13 0 0 0 1 0 4 0 0 0 6 2 4 6 1 0 0 0 0 3 10 0 0 0 0 0 0 0 0 0 0 0 0 0 2 23 8 8 0 0 0 1
23 10 12 0 4 28 29 9 0 1 8 20 22 17 0 0 0 0 0 11 11 0 0 0 1 0 0 8 14 0 0 10 27 4 0 13 0 12 0 8 0 24 21 14 9 2 8 16 32
0 19 11 9 4 0 0 31 14 12 0 12 33 32 14 2 0 8 24 15 23 10 0 2 12 8 0 25 4 0 10 13 6 3 12 11 0 0 0 1 0 0 9 0 0 0 2 1 2
17 0 0 0 10 20 11 11 11 0 0 3 10 0 0 0 0 3 0 0 8 4 0 0 23 20 27 14 0 0 0 3 6 19 20 3 0 3 0 3 0 9 14 12 18 0 0 13 36
26 21 21 16 13 25 21 14 2 10 6 12 22 12 4 0 0 9 18 0 10 2 0 0 6 6 0 12 0 0 0 0 0 0 0 0 0 0 0 0 0 0 2 0 0 0 0 2 11
43 11 0 0 0 26 34 3 0 0 1 0 2 9 0 0 0 0 0 0 4 2 0 4 10 35 26 3 17 1 2 0 27 17 0 19 0 0 1 12 0 0 18 3 2 0 0 0 0
23 32 20 21 15 21 28 30 3 0 16 22 31 18 6 0 4 11 16 12 27 2 4 9 15 42 31 22 0 9 14 25 42 25 26 15 11 23 12 3 3 17 22 20 14 12 22 14 8
1 1 4 0 4 1 0 0 0 0 0 0 0 0 3 0 0 10 15 1 0 14 0 11 16 0 0 0 8 4 17 6 0 0 0 4 8 0 0 0 0 0 0 0 0 0 0 0 2
17 2 8 0 12 16 18 11 0 9 16 35 13 4 12 0 0 15 34 20 1 0 0 0 16 33 24 0 0 0 1 12 25 6 0 4 0 0 0 9 12 0 6 0 0 13 0 0 0
24 20 27 12 14 26 29 31 11 6 25 31 20 38 19 0 6 21 30 20 37 16 2 14 34 15 28 39 15 13 20 30 26 35 39 25 18 24 28 19 19 37 35 23 25 35 31 24 40
18 13 25 8 14 9 21 29 6 11 16 19 0 31 13 0 11 20 33 15 30 18 0 8 28 27 21 15 11 0 11 20 35 22 20 12 0 15 17 15 6 0 18 6 0 0 9 0 8
0 10 9 0 2 0 0 12 11 13 4 6 8 0 21 15 12 0 0 0 0 0 8 6 0 0 0 0 0 12 15 0 0 0 8 0 9 14 9 2 0 0 0 0 0 10 0 0 0
66 20 25 19 21 48 60 25 0 15 22 29 12 36 18 9 2 11 0 4 32 1 0 0 8 25 23 17 4 0 6 2 9 15 18 18 0 9 12 0 3 22 35 4 0 11 11 2 30
13 29 46 34 46 20 27 23 0 0 8 6 8 0 0 0 0 0 4 0 0 0 0 0 2 8 0 0 0 0 0 0 17 0 3 0 0 0 0 13 18 0 11 2 13 30 10 0 2
57 18 2 21 20 25 28 0 25 21 60 53 13 14 30 22 28 33 29 14 9 20 0 14 0 9 27 10 0 0 11 10 31 0 0 11 9 14 0 28 13 14 17 20 34 32 0 10 33
0 6 1 0 1 0 0 0 10 9 0 0 0 11 0 17 15 0 0 0 3 0 8 11 15 8 2 0 1 4 3 2 15 13 0 6 0 0 0 0 0 13 9 9 3 0 0 0 14
39 24 23 17 17 38 42 26 4 10 11 13 26 21 12 0 4 13 8 28 19 0 0 11 19 11 0 14 6 0 3 11 12 12 15 15 8 12 3 3 15 29 19 10 8 9 0 19 43
62 34 29 25 26 45 53 29 0 9 10 44 23 19 18 2 2 12 40 21 0 0 4 12 21 30 22 0 20 9 0 3 30 17 11 29 0 32 18 10 23 28 33 13 30 42 13 14 32
63 22 9 8 3 38 58 24 24 16 32 27 25 33 18 10 6 22 30 23 20 21 11 6 3 0 24 26 27 12 0 0 0 11 21 31 17 15 8 0 23 36 36 33 40 35 15 31 42
48 23 14 14 11 29 39 30 0 9 18 25 18 31 24 21 22 22 23 13 29 13 22 20 11 4 14 18 18 13 13 1 4 11 16 26 16 17 12 24 16 25 36 31 27 21 16 14 34
15 17 15 20 12 12 14 10 0 0 0 8 4 0 3 0 0 12 15 0 9 2 0 11 12 0 0 6 12 10 4 0 0 0 14 0 10 8 0 0 6 18 0 12 6 3 12 25 21
26 13 0 4 12 14 33 15 8 14 2 1 0 21 19 26 19 9 33 10 23 25 22 14 26 1 10 19 20 14 6 19 0 12 25 22 3 1 12 0 0 23 30 13 0 9 8 17 41
19 0 0 0 0 11 17 0 2 0 6 0 0 2 3 12 0 0 1 0 6 4 0 0 0 0 0 9 8 0 0 0 17 6 0 0 0 0 0 0 0 0 9 3 0 0 0 0 0
0 13 15 25 15 8 12 0 18 15 25 32 0 11 6 3 0 1 14 13 8 14 6 4 6 0 1 0 11 8 6 20 0 0 12 8 15 19 10 3 0 4 16 19 25 22 6 13 15
3 0 1 11 0 0 0 1 13 10 11 20 14 13 8 1 0 0 11 6 9 0 0 0 0 0 0 6 0 0 0 0 0 0 0 0 0 0 0 0 0 20 0 0 0 0 0 3 17
41 13 20 0 4 26 30 21 0 0 3 0 0 11 3 0 0 0 10 4 17 0 0 0 13 10 0 13 12 0 8 13 0 0 16 20 0 0 0 0 8 14 22 0 0 0 0 6 22
37 20 14 23 15 23 40 22 10 11 15 13 17 24 0 2 20 22 27 16 23 0 0 11 12 30 17 27 16 6 0 24 26 34 35 27 8 2 13 20 9 32 36 23 6 0 21 26 36
21 17 16 0 12 12 16 20 0 0 16 23 17 0 3 0 0 0 13 9 6 0 0 0 9 40 44 14 6 0 0 20 71 44 11 0 4 10 2 18 12 0 20 8 0 18 3 16 13
30 26 28 15 22 28 44 13 0 0 24 17 20 33 0 0 11 28 28 14 21 0 0 15 15 11 6 23 12 1 13 20 26 21 22 10 0 20 8 10 14 12 24 0 0 12 0 2 8
47 11 18 0 0 22 39 24 22 12 20 0 1 20 14 22 18 17 16 17 25 14 20 8 22 31 23 23 32 19 22 30 27 17 27 29 12 13 0 21 16 40 34 29 36 24 29 43 60
29 12 10 19 6 15 46 19 4 0 3 11 0 26 20 0 0 0 0 0 14 2 0 0 15 0 0 1 9 0 0 4 0 0 0 25 0 4 12 0 0 4 27 3 0 0 0 17 24
36 8 17 0 0 16 11 10 0 0 0 0 0 9 0 0 16 0 0 12 3 0 0 0 0 4 0 0 0 0 0 4 0 0 0 0 4 0 0 2 23 29 10 11 10 16 13 15 18
26 6 10 17 18 9 27 13 0 4 9 26 8 24 1 0 6 4 6 4 24 0 2 9 9 24 0 17 0 0 6 8 26 14 13 10 0 10 0 13 0 11 17 6 0 0 0 15 19
0 0 0 0 2 0 0 0 1 9 20 28 13 0 11 0 0 18 26 14 0 0 0 0 0 4 10 0 0 0 0 0 0 0 0 0 0 0 3 0 0 0 0 0 0 2 0 0 0
46 34 22 18 2 35 53 18 0 1 17 24 0 23 0 1 10 6 9 0 9 0 4 14 0 0 0 10 11 11 1 1 0 0 15 21 4 0 0 0 0 1 22 0 0 0 8 16 20
42 17 21 11 20 24 50 33 22 25 23 24 19 33 33 28 31 44 39 31 35 10 12 17 15 22 19 23 23 8 17 11 21 17 6 21 11 23 16 22 0 9 19 19 12 6 0 21 31
45 15 24 8 15 26 15 21 0 11 10 18 8 2 11 0 14 0 0 0 2 22 18 12 11 8 2 10 20 15 13 1 0 9 16 20 21 16 6 4 4 23 20 18 21 8 21 28 39
0 10 29 24 21 2 0 11 0 0 10 16 3 0 0 0 0 0 0 0 0 0 0 1 0 0 1 0 6 0 0 0 19 17 0 1 1 14 0 9 19 3 0 0 0 9 0 0 0
76 35 23 8 21 52 71 30 19 0 12 25 20 42 16 0 12 20 14 15 28 20 0 1 17 34 21 30 19 0 0 30 44 20 24 22 0 9 0 18 8 0 37 6 0 0 0 10 18
35 11 17 12 4 20 27 23 12 0 0 10 11 30 6 4 8 17 18 4 35 0 10 4 0 0 2 28 20 16 0 0 0 0 17 27 9 0 0 0 0 17 38 21 12 0 13 39 48
0 1 0 0 0 0 0 1 0 0 3 0 0 0 22 0 2 0 0 6 0 13 6 12 20 18 19 0 0 0 9 0 0 0 0 0 0 0 0 0 0 0 0 0 0 3 6 0 1
0 0 17 11 9 0 0 20 0 3 0 8 0 2 0 0 0 0 0 0 0 4 0 0 0 0 0 6 0 0 0 0 4 14 2 2 16 8 0 9 6 0 8 4 0 0 3 0 12
11 1 0 0 0 10 13 2 0 0 0 0 0 19 0 0 0 0 0 0 12 0 0 0 0 0 0 11 3 0 0 0 0 1 14 8 0 0 2 10 0 13 3 0 0 0 0 0 23
21 6 22 13 11 17 16 23 26 3 11 31 15 20 22 6 0 0 0 13 19 25 13 0 6 27 18 16 17 0 0 11 42 24 15 18 2 0 0 12 18 0 35 24 21 2 0 11 12
0 0 0 2 0 0 0 0 0 0 0 0 0 2 0 0 0 0 0 0 1 0 0 0 0 0 1 0 0 0 8 0 1 2 0 0 3 0 3 0 0 0 0 0 0 0 6 3 0
0 0 4 0 0 0 0 0 0 0 0 0 3 2 2 0 0 0 8 4 4 0 0 0 0 0 0 0 0 0 0 0 0 0 0 0 0 0 0 0 0 8 0 0 0 8 9 0 0
24 12 4 0 0 17 26 6 6 12 1 0 0 18 0 14 21 0 0 0 23 10 21 15 0 0 0 12 22 16 11 6 0 0 14 28 18 16 9 0 1 19 29 32 21 4 1 13 16
3 10 16 0 0 0 10 19 0 0 0 0 14 17 0 0 0 0 8 14 19 0 0 9 10 0 4 14 0 1 11 13 20 15 18 4 1 16 4 13 12 10 16 3 1 1 0 0 0
14 0 14 13 12 8 9 10 18 19 21 20 9 13 10 13 0 13 26 11 14 13 20 0 2 17 3 16 18 14 11 13 0 13 12 15 10 0 8 0 0 16 23 26 30 34 23 21 23
16 11 18 12 11 14 15 0 0 9 15 21 15 15 21 14 22 0 22 14 13 2 15 15 0 0 0 0 4 14 15 0 0 0 4 8 11 11 10 3 12 16 8 12 4 13 15 8 0
33 26 23 17 12 29 39 17 6 12 1 16 11 23 9 2 0 0 0 4 18 0 10 9 9 8 0 12 8 0 15 12 0 0 20 8 0 29 20 0 15 24 21 8 12 15 9 17 30
0 6 0 1 0 0 1 0 0 6 8 3 6 0 1 3 4 8 11 11 9 13 1 0 3 0 0 3 4 0 0 0 0 0 4 0 14 2 0 4 0 4 0 22 19 25 12 18 22
6 0 0 0 4 0 2 0 13 1 20 14 0 0 0 15 19 10 2 0 0 19 22 13 10 14 11 0 8 11 11 1 4 2 0 1 10 0 0 0 0 0 0 20 34 14 12 0 0
23 11 3 0 4 22 24 3 1 16 9 37 9 18 0 14 31 16 14 0 16 0 19 21 0 27 0 10 9 11 0 6 0 3 8 0 8 18 0 0 9 0 6 8 20 12 10 13 9
28 11 10 11 2 12 23 21 3 0 0 0 3 16 0 0 0 0 0 8 22 0 8 0 1 26 12 11 0 0 0 0 11 0 14 17 8 0 1 0 0 14 18 17 0 0 0 0 0
0 0 0 0 0 0 0 0 0 0 2 0 0 6 0 0 15 0 0 0 13 0 14 1 0 21 20 8 11 8 0 0 20 17 13 12 0 0 0 13 9 1 9 20 15 13 9 3 26
19 29 26 19 23 16 34 21 15 11 15 43 24 24 12 22 34 9 0 11 24 16 24 34 23 31 22 15 13 15 18 0 0 3 11 13 13 0 0 0 20 28 29 12 0 0 9 1 32
36 33 21 33 25 22 39 24 20 6 18 18 19 29 16 2 0 4 18 20 19 0 1 9 0 1 4 0 1 0 6 0 9 6 3 16 3 12 2 2 1 14 27 14 17 20 6 14 47
0 0 17 14 10 0 1 0 21 11 25 16 14 0 12 9 14 13 11 11 0 22 12 14 18 24 18 3 0 8 16 9 2 0 12 2 14 13 9 12 22 24 0 10 20 20 17 18 23
6 0 0 0 0 1 0 21 9 14 0 9 12 25 2 17 12 14 8 0 16 10 3 0 0 33 22 12 0 0 0 0 15 15 6 9 0 0 0 4 3 11 14 3 9 14 0 11 26
17 9 11 14 13 18 27 9 6 18 22 23 14 23 11 2 0 12 30 11 20 9 0 0 19 24 14 15 20 0 0 23 42 35 12 16 0 12 8 50 14 0 15 9 17 0 9 19 11
86 37 44 39 39 67 81 50 16 13 30 52 42 43 17 4 14 12 30 23 42 6 0 0 22 25 8 40 27 8 11 24 17 19 47 40 9 16 18 21 15 44 57 28 15 16 17 50 70
17 11 2 0 0 0 10 0 3 13 0 20 0 0 9 14 0 16 17 3 0 0 8 10 9 8 0 0 0 0 0 0 0 0 0 8 3 10 0 0 0 0 10 6 21 16 3 3 0
1 0 0 0 0 0 0 0 0 0 0 0 0 0 0 0 8 1 0 0 0 0 0 0 0 0 0 0 0 0 0 0 0 0 0 0 0 0 0 0 0 0 0 0 0 0 0 0 0
41 17 28 26 19 38 36 13 8 2 30 20 8 8 0 0 10 11 11 6 10 0 0 11 0 2 6 12 2 0 0 0 3 4 9 10 1 0 0 2 12 29 22 2 0 4 6 10 26
14 6 18 10 0 11 9 4 17 23 6 0 9 11 26 21 23 2 0 13 0 20 28 25 0 0 1 0 15 17 0 0 0 0 6 8 8 3 3 6 10 20 0 10 0 11 14 19 34
10 0 0 0 0 0 0 11 0 0 14 0 0 0 0 0 0 2 21 0 1 0 0 0 2 12 0 0 0 0 0 0 6 0 0 8 0 2 0 0 0 0 11 0 0 6 0 2 0
0 2 11 16 13 1 0 3 20 23 13 0 8 0 22 25 23 13 19 16 0 24 21 22 18 23 24 9 20 15 18 22 27 20 8 11 3 4 11 27 18 11 9 14 18 13 14 21 28
35 0 12 0 6 20 36 1 0 0 0 11 17 28 3 0 0 13 17 8 22 13 2 0 6 4 9 13 16 2 0 0 36 22 0 13 0 0 0 19 3 4 22 0 0 0 0 14 28
15 0 0 0 3 2 0 0 0 0 3 19 0 2 18 0 0 16 23 3 0 0 0 0 3 0 0 6 0 0 0 0 0 0 2 0 0 24 12 0 6 0 3 0 0 0 10 12 12
0 9 0 3 0 14 19 0 0 0 8 0 0 14 0 0 0 0 0 10 14 0 0 0 1 0 0 18 0 3 1 2 0 0 15 3 0 0 0 0 0 0 11 0 0 0 0 0 0
19 12 15 17 8 11 19 10 11 15 15 0 13 22 1 0 0 1 13 17 19 0 0 0 4 2 8 4 0 0 0 0 13 11 10 8 0 0 0 0 1 9 6 0 0 0 0 0 6
37 18 19 4 14 20 35 27 0 0 12 40 28 24 19 3 12 8 0 9 15 9 0 0 3 0 0 3 14 0 10 3 0 10 11 26 9 0 0 10 6 0 25 0 0 0 8 25 36
18 12 19 15 3 26 35 1 0 11 12 0 2 31 3 13 12 0 0 0 26 3 10 0 0 2 6 20 18 11 0 0 0 0 18 20 9 0 0 0 0 0 20 25 0 0 0 6 13
0 0 0 2 0 1 4 0 0 11 17 18 0 0 2 3 3 24 0 2 0 4 0 12 10 0 0 3 0 4 13 0 0 0 6 0 3 17 15 0 4 12 2 0 0 0 14 4 0
34 32 21 20 21 28 39 30 1 4 15 29 30 22 18 3 0 2 14 22 19 3 0 1 1 0 0 16 0 0 12 0 0 0 0 11 0 33 18 13 23 12 16 0 0 17 18 12 1
20 23 15 14 10 22 22 18 11 4 18 26 21 31 2 0 0 0 14 6 25 1 0 8 0 0 0 16 4 2 8 1 0 2 21 8 8 0 6 17 21 22 10 0 0 4 10 1 16
16 9 2 1 3 10 14 0 15 9 2 22 8 13 1 3 8 0 0 0 2 10 4 3 4 28 30 0 2 0 0 1 25 14 0 2 4 0 0 0 0 0 14 0 0 0 0 0 0
49 28 30 22 13 42 48 10 0 0 4 0 9 31 0 0 0 14 18 12 29 1 0 0 3 35 16 18 24 3 0 17 31 17 17 29 11 0 1 0 0 29 34 24 9 1 0 15 27
4 1 17 18 9 3 13 15 8 13 26 31 20 14 19 12 8 11 21 14 11 6 0 0 14 24 12 16 0 2 11 18 9 25 21 18 0 12 16 14 17 31 17 11 16 19 19 29 31
50 22 17 23 15 24 48 12 10 10 23 31 13 22 6 16 17 18 28 0 3 4 22 14 0 16 3 2 18 15 0 0 6 6 4 22 9 0 0 0 8 0 19 14 0 0 1 0 16
17 0 0 2 0 0 0 15 0 4 9 20 2 0 10 0 0 6 40 21 0 0 0 0 12 19 30 10 0 0 0 9 21 27 6 0 0 0 0 8 11 0 0 0 1 0 0 0 0
0 2 4 11 8 6 0 2 15 0 12 27 10 2 21 11 0 10 19 0 0 19 0 4 4 2 1 3 8 0 14 3 0 0 2 8 0 22 0 2 0 8 9 0 2 2 0 3 12
0 4 0 1 10 0 0 0 8 3 8 16 9 0 4 12 4 0 10 1 0 6 3 10 17 24 12 2 0 0 6 0 0 0 0 4 0 0 0 0 0 0 0 0 2 0 0 0 0
19 19 6 24 19 21 29 4 12 10 6 18 8 14 1 0 15 18 30 11 16 0 8 11 26 56 38 28 16 0 4 17 30 31 19 19 8 0 0 18 17 20 23 27 20 8 18 10 10
17 0 9 0 0 10 35 12 0 0 9 10 9 22 0 0 0 0 19 3 18 0 4 3 0 1 0 11 0 0 0 0 0 0 13 0 0 11 4 0 0 4 1 0 10 0 0 4 0
0 0 0 4 0 3 0 2 0 0 8 11 8 11 0 0 0 1 13 0 11 0 0 0 0 0 0 14 0 0 1 3 0 0 11 1 0 0 0 11 4 6 1 1 2 0 2 8 17
0 0 0 0 0 0 0 0 22 13 0 0 4 0 20 14 11 0 0 0 2 10 14 8 0 0 0 0 2 13 16 0 0 0 0 0 10 0 0 10 0 3 0 0 0 0 1 4 0
33 0 26 10 16 33 27 13 15 0 2 0 0 24 3 0 0 0 0 0 19 29 2 0 18 0 15 22 24 0 11 8 0 0 17 23 9 0 0 0 0 36 33 19 1 3 0 19 56
26 22 28 19 13 22 32 34 8 3 0 1 18 27 13 0 0 9 14 25 25 0 0 0 9 0 4 28 8 0 6 0 18 4 38 16 16 0 1 8 3 20 18 14 0 4 0 15 25
38 15 24 21 21 21 23 21 13 17 32 42 21 19 26 23 12 42 41 13 16 29 21 13 1 6 4 14 21 14 1 9 12 11 10 18 8 20 16 20 25 0 31 15 16 30 11 12 30
17 10 18 20 18 16 14 16 12 10 21 26 0 4 2 0 0 0 22 21 2 4 0 0 13 14 6 0 0 0 6 3 9 14 8 0 0 8 20 16 13 16 12 0 4 11 9 14 23
0 9 18 3 8 8 11 12 0 0 0 0 6 0 0 4 0 0 0 0 13 0 0 0 0 0 0 6 14 0 4 0 0 0 4 14 4 2 0 3 0 9 21 0 0 0 2 0 2
0 0 12 4 6 15 14 0 0 1 0 0 0 0 0 0 0 11 4 0 0 0 0 0 0 0 0 0 3 0 0 0 0 9 0 2 0 0 1 0 0 0 0 0 0 0 6 9 0
18 0 0 6 0 2 13 22 0 11 13 0 11 11 3 3 0 19 17 20 12 0 0 4 9 12 16 0 3 0 0 0 21 2 0 6 2 8 0 4 1 0 0 0 4 0 0 1 0
26 23 25 17 13 27 35 21 8 17 2 10 11 30 9 0 2 0 13 21 26 0 0 0 0 19 20 26 9 0 0 0 14 19 19 11 0 0 0 1 0 28 22 0 0 0 0 19 43
42 25 42 18 28 47 49 38 0 11 12 13 25 40 11 16 14 16 4 24 34 15 12 11 16 0 8 39 28 11 3 25 18 15 29 26 13 0 9 30 19 28 38 22 12 0 16 12 35
42 28 19 14 24 34 40 25 17 0 30 31 36 23 22 0 0 16 29 29 21 0 0 0 6 0 6 23 0 0 0 4 4 17 13 1 0 0 0 1 9 13 6 0 0 0 0 0 12
0 0 3 12 13 3 2 0 0 0 0 39 21 0 24 13 0 3 13 0 0 3 6 4 8 0 0 0 4 0 11 2 9 0 15 2 0 34 12 11 8 10 0 0 0 0 0 4 9
0 10 0 12 11 0 0 0 0 0 13 14 0 0 3 10 13 23 9 0 0 0 10 13 0 0 0 0 0 13 10 0 0 0 2 0 12 15 3 0 0 0 0 3 14 4 10 6 0
10 15 1 6 0 0 16 3 0 1 0 0 9 8 0 0 2 1 0 0 2 0 0 0 6 17 9 0 0 0 0 2 15 0 0 6 4 0 1 0 0 0 10 1 0 2 3 4 2
22 6 18 16 17 27 29 9 0 0 9 14 11 11 6 0 0 0 20 12 6 0 0 0 21 26 20 2 0 0 0 9 20 8 4 4 0 0 0 3 0 21 1 0 0 0 0 16 16
23 11 0 8 9 14 20 0 0 0 0 8 6 0 0 0 0 0 0 0 6 2 0 4 6 25 27 0 14 2 0 0 20 20 0 10 3 0 0 2 6 0 14 1 0 0 3 2 8
22 4 13 10 12 15 13 12 22 25 28 29 13 4 10 0 0 15 18 17 3 21 0 0 14 38 8 12 2 0 0 8 0 0 6 6 0 8 0 0 0 15 10 0 0 1 0 4 2
0 0 0 2 0 0 1 4 13 1 3 17 9 2 27 22 4 9 0 8 3 18 0 2 10 34 26 8 0 0 0 23 33 28 11 0 0 17 19 24 15 0 0 0 3 2 0 0 14
41 17 4 0 0 18 35 23 0 0 0 0 9 17 21 0 0 0 0 17 16 0 0 0 0 0 0 0 8 4 0 2 0 0 1 13 0 12 0 0 0 0 28 10 12 4 12 26 29
35 27 28 28 27 34 37 27 22 13 18 18 19 22 26 18 13 6 0 21 20 9 9 4 0 10 16 17 13 0 0 0 1 0 23 17 9 1 0 0 10 34 20 14 3 0 11 15 22
2 18 13 6 0 9 4 6 20 3 0 0 0 2 0 0 3 0 0 8 0 0 0 0 23 9 20 4 3 0 11 16 11 0 0 0 0 0 13 0 0 0 18 22 0 10 0 0 0
52 34 41 30 24 43 63 53 28 15 15 29 35 66 26 0 0 6 11 30 59 25 22 12 31 3 17 34 39 22 13 40 30 14 28 54 22 16 6 12 22 45 71 44 18 24 14 28 50
9 17 10 25 31 6 25 16 23 29 34 57 38 29 30 30 31 43 34 9 26 11 20 23 29 29 18 22 11 18 22 8 25 14 22 15 21 36 19 25 29 8 24 23 37 27 22 8 0
0 0 13 2 1 12 9 14 13 17 13 4 11 9 9 3 1 0 0 19 6 4 12 12 18 26 29 15 10 12 14 15 0 22 11 0 6 2 3 13 15 30 6 26 30 8 22 28 35
37 13 18 6 9 28 40 0 0 0 0 0 10 9 0 0 0 18 9 3 11 0 0 0 0 0 0 8 0 0 0 0 1 1 6 3 0 1 0 0 0 3 2 0 0 0 0 0 0
0 0 0 0 8 0 0 0 0 0 0 0 0 0 0 0 0 9 0 0 0 0 0 0 0 0 0 4 0 0 0 2 0 0 2 0 0 15 13 2 0 0 0 0 0 0 0 0 0
19 6 0 6 0 4 10 14 26 27 22 13 0 4 32 20 11 17 0 0 8 35 12 0 14 1 9 15 17 6 11 0 0 4 0 15 4 3 8 22 0 0 27 0 10 18 8 9 21
9 6 2 0 0 2 0 14 16 14 12 12 2 0 22 2 0 12 29 24 0 10 11 8 13 21 25 3 0 8 8 19 29 12 6 0 11 10 1 19 12 3 8 12 13 13 0 0 8
43 17 21 14 14 25 29 9 0 0 0 16 8 0 0 10 0 10 17 6 0 0 11 8 0 0 0 2 11 0 6 0 0 0 6 13 4 24 0 6 15 0 9 9 17 0 12 26 22
11 20 10 10 13 17 17 0 11 17 18 23 16 21 23 4 0 13 14 0 9 11 9 0 12 0 0 4 15 16 10 0 0 0 0 0 28 6 0 0 0 21 4 26 13 0 0 14 21
0 17 11 19 10 0 13 1 15 9 4 4 12 0 11 17 19 3 19 10 0 0 1 10 0 0 0 3 2 0 11 8 20 20 3 0 0 13 0 0 12 15 1 0 0 0 0 0 0
17 3 12 0 8 10 0 11 15 8 17 15 15 6 0 16 15 2 0 9 0 10 16 6 0 8 3 3 0 8 3 2 0 0 2 4 9 27 18 20 11 0 10 4 33 40 13 19 35
12 8 8 13 3 9 10 9 3 1 0 0 12 10 2 0 2 3 0 0 4 6 0 0 14 24 14 1 9 0 6 4 0 4 0 8 0 3 8 0 4 6 6 0 0 0 0 1 9
34 14 15 9 15 28 30 14 0 0 0 0 0 6 0 0 0 0 0 0 10 0 0 0 0 0 1 0 0 0 0 0 0 0 1 15 0 0 0 0 0 1 19 0 0 0 0 1 0
0 0 12 0 0 0 0 0 0 0 0 0 12 0 9 4 0 0 0 0 0 0 0 17 11 3 2 0 0 0 13 2 0 0 0 0 0 3 0 0 0 9 0 0 0 0 0 0 0
3 0 0 4 0 0 0 0 14 9 10 0 0 0 0 3 0 0 0 0 0 16 3 0 0 0 11 0 2 2 0 0 0 0 0 0 1 0 0 0 0 9 8 11 19 4 0 0 21
8 0 18 0 6 20 17 18 4 1 16 0 14 17 13 19 12 1 6 8 16 3 12 11 6 1 3 13 11 6 0 11 0 0 14 0 8 0 12 3 0 11 8 9 4 11 15 16 32
39 25 26 26 23 31 51 36 0 8 20 11 22 48 14 10 14 40 32 23 42 19 18 29 18 19 14 27 14 24 28 12 21 12 20 22 20 25 26 14 12 6 23 10 9 12 2 0 3
18 14 20 19 15 16 21 34 8 1 15 24 33 34 10 0 0 0 12 22 31 0 0 0 10 15 0 20 8 1 0 3 2 0 12 15 13 15 2 8 10 19 27 18 12 11 8 29 27
35 6 8 0 8 21 26 3 0 0 0 0 8 13 0 1 3 4 1 1 9 0 0 0 0 2 0 0 6 0 2 0 0 0 9 8 0 0 0 0 8 1 6 0 0 0 3 10 9
11 12 18 19 20 20 34 10 3 9 18 13 23 27 0 8 16 0 0 22 27 0 14 9 10 13 16 27 12 13 12 13 24 22 24 10 6 0 0 10 8 26 17 19 0 10 6 4 24
65 29 21 15 28 39 45 31 14 19 22 34 23 31 22 3 15 26 50 22 33 0 0 0 25 16 1 25 6 0 3 9 10 15 28 16 6 17 13 17 13 14 25 8 10 6 0 0 9
12 10 4 0 0 11 15 10 0 0 3 9 10 12 10 0 0 10 21 13 13 6 0 0 1 0 9 9 0 3 0 0 0 0 0 0 0 0 0 0 6 0 0 0 0 0 0 0 0
38 27 20 17 13 27 23 17 6 0 0 0 13 16 0 0 0 3 0 6 9 0 0 0 0 30 24 14 20 0 0 11 22 11 0 16 0 0 0 6 0 0 22 0 0 0 0 0 8
3 8 17 3 9 10 18 0 0 3 2 19 19 6 2 1 12 0 19 17 0 0 0 9 21 32 10 15 0 0 14 16 0 13 18 0 0 9 8 8 18 26 0 6 17 10 10 20 32
0 0 3 0 0 0 0 0 2 0 0 0 0 0 3 11 2 4 14 0 0 6 0 0 0 0 0 0 12 0 0 0 1 0 2 0 0 0 0 15 11 4 0 0 0 0 0 6 10
18 3 1 3 0 0 4 19 0 0 0 0 0 8 0 0 0 0 0 0 15 0 8 12 0 9 8 0 20 12 0 0 0 0 0 21 14 15 6 0 0 1 15 16 9 2 0 18 21
18 17 0 0 1 16 16 8 0 2 0 3 0 0 2 0 1 0 0 0 0 6 0 8 0 0 0 0 12 8 0 0 0 0 13 11 9 0 0 0 0 9 13 21 3 0 0 18 28
15 9 10 0 8 1 6 8 3 15 0 0 0 19 18 17 12 18 14 16 13 25 15 33 13 8 0 0 18 17 30 0 0 0 0 14 11 10 0 0 0 0 24 0 0 0 0 0 1
3 1 0 0 0 0 13 0 0 0 8 0 0 13 0 0 0 0 15 14 3 12 0 0 4 6 0 0 0 0 0 0 10 2 0 0 0 0 0 0 15 2 0 0 0 0 2 0 0
21 15 10 0 0 18 15 16 0 6 0 0 0 18 17 0 0 0 0 0 10 0 0 0 18 0 0 4 0 0 0 11 0 0 0 0 0 1 0 0 0 0 16 0 0 0 0 1 0
73 25 22 9 0 41 62 37 0 0 4 17 24 52 9 0 0 0 0 8 37 13 11 6 3 27 15 29 18 12 0 2 25 15 38 28 14 0 13 3 0 24 38 27 20 3 0 35 62
12 1 3 0 10 0 19 15 21 25 28 43 19 24 12 15 6 26 34 4 14 0 8 12 14 0 0 15 0 4 18 0 0 2 11 0 0 46 19 13 15 8 0 0 8 3 8 0 0
19 12 11 9 9 18 23 17 0 2 4 0 21 29 0 8 18 0 8 4 23 0 14 16 2 18 6 18 0 13 6 3 14 15 19 8 19 30 16 26 11 6 14 31 37 8 12 20 19
4 13 4 8 6 6 17 14 24 17 15 12 17 15 37 13 0 0 15 16 11 14 0 0 15 0 0 12 2 2 6 6 0 3 0 3 0 0 0 0 0 2 0 0 0 0 0 0 9
11 0 0 0 1 9 3 0 0 0 0 4 1 0 0 0 0 0 0 0 0 0 0 0 0 0 0 0 0 0 0 6 0 0 0 0 2 17 9 2 1 11 0 0 4 0 2 4 14
1 0 3 0 0 0 0 0 0 3 0 9 13 3 0 0 18 15 14 0 1 0 0 13 13 36 18 0 0 2 13 9 20 17 2 0 4 14 14 3 14 0 0 0 2 11 0 0 0
10 1 6 8 0 8 2 0 1 0 0 0 0 0 0 17 14 0 0 0 0 9 24 11 4 0 0 0 22 21 8 0 0 0 0 12 12 0 0 0 0 0 16 23 0 0 0 14 32
0 0 0 6 11 0 0 10 28 37 22 19 11 0 19 26 16 22 20 15 0 11 19 16 0 3 11 3 0 0 0 0 0 0 0 0 0 0 0 0 0 0 0 0 0 0 0 0 0
10 4 11 0 0 13 20 0 0 0 2 0 0 17 0 0 0 0 0 0 11 0 4 3 1 0 0 8 0 8 0 3 9 2 20 0 19 0 13 2 2 11 0 22 4 0 17 15 13
12 13 17 13 15 21 21 24 0 0 0 19 23 9 18 0 0 21 16 20 9 0 0 0 17 0 4 9 16 1 4 10 0 0 17 8 0 0 0 0 8 25 9 0 8 22 10 3 14
34 16 18 16 20 18 40 13 0 0 3 21 15 23 0 0 0 2 2 3 19 0 0 0 4 15 20 22 0 1 1 2 0 14 22 18 3 8 9 11 13 26 22 0 0 16 9 10 29
0 16 6 21 8 0 9 11 9 0 21 36 11 2 0 0 0 3 8 2 0 0 0 0 6 15 8 0 0 0 0 13 43 26 0 0 0 8 4 0 15 0 0 0 0 11 2 0 0
15 16 9 23 8 12 22 0 9 14 11 16 17 17 1 0 15 13 0 0 9 16 13 18 0 0 0 3 19 14 14 0 0 0 0 15 11 27 18 0 4 6 14 15 23 17 15 3 0
18 18 18 10 6 17 21 11 0 0 0 0 4 0 0 0 0 12 10 8 13 2 0 0 0 6 0 11 0 0 2 0 0 0 21 15 4 0 0 0 1 24 22 18 3 0 0 0 10
52 19 28 16 16 39 44 34 23 28 18 16 15 29 20 15 13 19 19 24 23 17 9 11 19 8 0 17 19 8 24 11 10 8 12 18 9 13 9 16 6 22 31 24 6 0 0 15 34
0 0 0 0 0 0 0 27 0 0 34 19 4 0 0 0 0 0 0 11 0 9 4 0 0 0 0 0 0 0 0 0 0 0 2 0 9 0 0 0 14 11 16 0 0 13 0 0 12
40 29 38 33 39 40 44 37 0 0 19 27 29 30 15 0 3 30 28 26 30 0 0 0 15 25 13 31 6 0 9 27 21 28 29 19 0 0 16 16 12 22 26 17 0 0 2 4 18
39 24 17 11 16 24 35 25 0 0 0 10 20 30 4 0 0 14 18 8 26 21 0 0 0 0 2 33 25 2 3 0 0 0 31 28 0 10 8 13 20 40 42 16 9 16 10 17 29
11 15 13 4 8 15 24 17 0 10 0 0 0 14 17 0 14 11 0 8 16 23 16 20 12 0 0 10 16 15 14 13 0 0 11 14 19 16 6 4 9 16 13 2 0 12 12 9 12
19 8 1 0 0 9 16 6 0 0 0 0 0 9 0 0 0 0 0 0 11 0 4 0 0 0 0 8 3 4 2 0 0 0 10 12 0 0 0 0 0 9 15 3 0 0 2 0 3
16 0 1 0 0 0 8 25 17 21 0 2 0 8 23 0 0 0 0 6 0 13 0 0 0 0 2 0 0 0 0 0 0 0 0 12 3 0 0 0 0 0 16 20 13 12 0 0 8
23 18 10 4 12 22 35 0 0 0 12 24 16 2 0 0 8 20 24 23 0 0 0 15 23 39 27 3 9 2 20 24 41 32 12 4 2 35 16 22 19 22 8 8 23 23 10 0 0
24 1 0 0 0 15 24 3 0 0 0 0 4 16 0 0 0 0 10 3 14 1 2 0 0 9 0 12 6 1 0 0 9 0 6 9 0 0 1 2 0 0 12 4 0 0 0 0 0
30 11 17 2 10 18 33 18 13 11 4 20 16 30 0 13 19 32 27 12 22 8 13 17 8 0 0 18 0 13 18 0 4 10 24 13 0 1 4 2 21 18 25 16 10 3 12 17 21
3 8 4 22 11 4 16 0 0 1 16 24 8 12 10 0 0 0 0 6 2 0 0 0 0 22 35 0 3 0 0 18 39 18 0 0 0 0 0 12 0 3 15 2 0 0 0 0 10
26 8 15 6 9 10 9 0 0 0 11 0 3 0 3 0 0 9 6 4 0 18 0 0 0 0 0 0 8 0 0 0 0 0 0 1 6 0 0 0 0 9 6 2 0 0 0 0 0
16 15 0 0 1 17 19 0 2 2 1 0 0 10 0 16 0 3 0 9 6 6 9 0 3 1 12 13 11 0 1 6 0 1 16 18 9 3 0 0 4 4 25 17 9 1 0 6 18
9 2 0 0 0 1 0 22 0 0 0 0 20 11 1 0 0 0 0 0 19 0 0 0 0 0 0 12 0 1 0 9 13 10 9 4 0 0 0 17 20 9 0 4 0 15 11 14 34
40 0 0 0 0 28 36 1 2 0 8 2 2 17 13 0 10 0 0 0 10 22 8 6 0 14 6 0 6 1 12 11 11 3 0 6 0 0 0 3 6 0 1 0 0 4 24 17 11
16 17 14 15 17 17 16 23 11 0 0 21 21 16 12 16 25 6 20 16 15 0 12 11 3 8 1 16 0 0 2 0 3 0 15 18 0 11 12 1 34 34 25 10 0 20 11 8 17
33 6 0 6 12 27 30 14 0 0 3 23 16 20 4 0 0 0 18 8 16 0 0 0 0 10 2 11 1 0 0 0 0 17 0 8 0 6 0 0 0 25 15 0 10 9 0 12 14
37 27 11 8 6 33 38 15 0 0 0 0 21 30 2 0 0 0 3 0 28 10 0 0 24 17 10 24 23 11 2 31 33 21 28 22 0 0 3 16 11 17 27 14 0 0 0 21 23
38 24 26 19 17 32 41 18 12 17 19 19 23 21 11 9 10 12 13 3 18 0 6 0 0 29 18 24 12 0 14 16 26 24 28 13 6 22 12 16 13 24 14 15 8 3 8 8 21
49 29 39 2 14 35 48 15 0 0 1 14 22 32 0 0 8 21 15 8 24 0 0 11 15 0 0 29 13 3 13 16 29 26 24 22 0 0 0 38 23 20 27 0 0 0 4 0 0
29 23 19 25 21 18 23 9 11 30 37 25 11 4 13 10 10 24 31 12 6 17 0 0 6 8 12 2 18 0 0 0 0 0 0 20 0 0 0 6 12 13 19 2 0 2 0 0 0
51 33 22 13 20 40 60 28 11 14 11 19 25 42 14 8 13 17 27 9 32 0 13 23 14 22 0 33 6 17 19 2 0 0 24 18 11 3 11 0 14 18 23 16 3 11 19 15 29
0 0 0 0 0 0 2 3 0 0 0 0 6 14 2 0 0 0 0 2 0 6 0 0 0 10 1 2 0 0 0 0 0 10 0 0 0 0 0 0 0 11 0 0 0 0 6 10 13
29 3 14 8 9 15 25 15 0 0 0 3 1 0 0 0 0 23 20 0 0 0 0 2 0 0 0 0 0 0 0 0 4 21 1 8 0 0 0 2 0 0 10 0 0 0 0 0 0
0 0 0 0 2 0 0 4 3 0 0 0 9 9 0 3 0 0 0 8 0 0 8 0 20 9 19 0 0 0 0 0 14 12 11 0 4 4 0 2 1 13 0 0 4 0 0 0 0
26 3 3 2 0 12 14 0 1 0 0 0 0 0 3 3 2 0 0 0 0 0 0 0 1 0 0 0 6 1 0 6 0 0 0 13 4 0 0 0 0 0 15 12 0 0 0 0 0
2 9 1 1 0 4 9 6 0 0 0 19 17 8 16 0 0 0 0 0 0 2 6 0 0 0 0 8 0 0 0 0 0 0 13 0 3 2 8 0 0 20 3 2 0 9 0 0 29
61 15 19 18 11 38 51 20 9 9 24 10 4 23 16 17 16 16 34 20 21 14 21 16 9 9 6 14 19 10 13 8 0 2 10 24 0 8 0 0 3 8 41 17 0 0 0 0 26
12 23 20 6 15 17 27 33 18 20 12 2 15 26 29 27 29 3 0 11 30 16 19 14 11 0 0 27 0 12 8 6 0 0 19 4 12 0 3 0 1 10 16 12 0 0 0 0 3
41 12 17 11 12 26 32 27 0 8 18 15 9 21 4 2 1 23 29 6 16 2 0 0 0 0 4 22 21 13 8 9 0 6 17 25 0 0 0 9 16 4 36 18 12 2 12 0 0
0 0 0 4 0 0 0 0 0 0 20 0 0 0 10 20 6 14 42 0 0 10 13 6 2 1 8 0 11 17 0 0 0 8 0 6 13 0 0 11 6 0 0 12 0 3 18 14 22
4 6 3 0 6 6 0 11 0 17 31 14 3 0 0 0 13 8 0 17 12 0 0 14 6 1 9 2 0 3 13 2 8 4 8 0 0 9 4 0 0 20 4 0 0 0 0 16 38
0 2 3 6 6 0 0 0 0 0 1 0 0 0 0 0 0 3 3 0 0 13 0 0 0 0 0 0 14 0 9 0 0 0 0 15 9 21 2 0 0 15 15 0 12 2 0 25 42
0 0 0 0 0 0 6 0 2 9 0 0 0 0 0 3 0 4 0 0 0 0 0 0 0 0 0 3 0 0 0 0 0 0 4 0 0 0 0 0 4 6 0 0 0 0 0 1 17
12 4 4 6 1 0 11 0 0 2 0 0 0 12 0 0 0 0 0 0 9 1 2 2 2 3 0 3 15 6 0 3 15 10 1 16 11 0 0 0 0 0 22 13 1 0 0 0 0
24 15 31 18 24 16 21 29 0 0 0 8 23 13 29 0 0 13 2 20 24 0 0 0 0 0 0 8 0 0 0 0 0 0 14 2 0 0 0 0 4 35 10 0 0 0 0 0 0
0 1 0 2 0 0 0 0 15 6 4 19 16 0 8 9 10 0 0 2 0 13 11 0 0 29 39 4 16 0 0 0 22 26 3 0 0 0 0 8 9 3 4 3 0 0 0 12 9
21 0 2 0 6 3 8 10 19 22 10 34 14 0 1 6 0 0 0 3 0 1 0 10 27 20 0 10 0 0 32 16 20 16 21 14 4 31 8 9 11 0 12 0 0 22 26 13 6
33 16 15 16 27 18 30 20 0 0 20 13 19 27 1 0 0 6 11 0 22 0 0 0 0 0 0 15 0 0 0 0 0 0 18 0 9 0 14 6 10 19 6 11 8 12 0 0 0
47 28 24 0 13 34 43 36 10 9 23 12 19 37 0 10 20 19 21 14 38 8 15 11 2 9 8 30 28 17 9 8 14 20 36 32 16 11 9 19 20 26 38 23 0 0 11 10 22
26 6 0 0 0 0 23 4 0 0 3 0 0 0 0 0 0 0 0 0 0 0 6 0 0 0 4 6 4 10 1 0 18 0 4 6 16 11 10 4 6 18 8 11 15 12 12 14 23
39 0 0 0 0 11 34 0 0 0 1 1 8 14 0 0 0 0 0 0 11 0 0 0 6 11 8 2 0 0 12 11 11 18 11 21 0 8 1 8 0 1 32 2 0 1 1 11 11
12 18 15 17 20 16 6 17 0 11 0 0 21 10 6 18 20 17 0 0 13 2 14 11 0 0 3 0 8 15 10 0 0 0 16 12 11 19 9 20 14 24 6 3 16 10 0 8 15
55 21 17 0 6 31 55 29 0 0 0 3 16 36 10 0 0 6 0 8 29 0 0 0 0 0 0 27 12 0 0 6 4 6 21 18 0 0 0 0 8 19 25 11 0 0 0 6 19
4 19 14 3 10 11 10 12 0 0 0 0 0 9 0 0 0 11 0 0 14 0 12 11 12 0 1 16 13 16 0 14 14 1 4 11 13 13 2 14 14 0 21 19 28 28 15 18 10
8 0 0 0 0 6 10 14 6 0 0 0 9 22 15 11 4 0 0 9 21 3 22 0 4 0 0 23 19 4 0 25 13 10 29 15 12 0 0 6 0 22 18 14 0 0 6 17 26
32 30 32 31 25 32 39 22 23 30 25 25 28 30 22 6 0 0 0 16 27 12 4 2 19 26 23 16 14 6 3 10 15 14 14 18 2 0 0 12 3 8 25 15 6 0 0 0 18
18 24 9 0 0 13 20 0 1 10 0 0 13 10 0 0 0 4 4 8 0 0 0 1 8 20 3 8 2 0 0 0 21 2 3 4 0 0 0 6 4 13 2 0 0 0 0 13 25
48 35 35 35 16 38 44 25 19 11 12 16 13 23 17 16 0 0 33 20 16 23 13 0 30 24 21 14 23 0 4 15 19 17 17 27 12 6 18 8 15 33 43 36 23 20 23 33 47
49 0 16 0 0 33 35 18 0 0 0 0 0 14 0 0 4 4 1 0 16 3 3 0 0 37 21 19 11 2 11 17 45 22 19 23 0 0 8 8 10 22 28 18 18 13 19 24 35
0 9 8 9 0 8 2 6 0 0 0 20 21 0 0 0 0 0 0 6 2 0 0 8 4 0 0 19 0 0 12 18 0 4 26 0 0 15 1 20 15 25 0 0 0 0 0 0 18
10 0 0 6 2 6 14 0 0 0 6 0 0 0 0 8 0 0 0 0 2 10 10 3 0 0 0 0 9 13 4 0 0 0 0 12 12 0 1 0 6 0 18 24 8 8 9 22 13
0 4 2 1 0 6 0 0 0 0 3 10 9 1 6 0 0 0 11 13 0 4 6 10 12 19 22 0 1 0 4 6 30 18 6 0 0 20 13 17 6 18 0 1 10 8 10 24 43
41 17 28 25 21 22 38 38 37 32 13 34 21 38 21 6 9 11 11 16 32 0 1 0 18 11 18 28 14 1 9 16 10 17 21 17 0 9 10 14 18 17 33 15 4 10 0 0 17
34 31 19 18 3 21 48 35 0 0 0 0 0 25 8 0 0 0 0 0 11 0 0 0 0 0 0 2 0 0 0 0 0 0 0 9 0 0 0 0 0 0 14 6 0 0 0 0 14
27 33 39 28 22 25 33 25 16 11 3 0 26 21 0 17 12 19 3 21 21 0 2 0 0 2 0 20 11 4 4 10 10 0 16 12 6 0 12 24 17 6 16 10 0 0 0 3 11
38 15 16 2 0 27 33 13 0 0 0 0 0 11 0 0 0 0 0 0 12 0 0 0 0 10 2 10 12 0 2 8 21 13 14 17 4 0 0 0 0 0 14 11 0 0 2 0 0
16 26 38 32 30 14 0 14 22 1 0 20 26 0 11 0 0 13 14 26 0 11 0 2 28 0 6 3 2 0 11 0 0 0 3 0 0 9 4 4 13 8 0 0 0 14 9 13 0
32 11 12 0 0 20 29 10 14 14 0 0 0 22 8 9 0 0 0 0 16 6 3 0 0 0 0 0 16 8 1 0 16 0 0 11 3 0 8 3 0 0 18 12 6 0 2 0 10
15 17 9 16 0 16 34 19 4 0 9 15 26 32 10 0 0 0 0 15 35 9 0 0 1 0 0 13 0 1 0 8 0 3 12 9 0 0 11 8 21 36 20 0 0 0 0 0 15
25 12 15 0 11 24 22 17 0 2 0 12 4 0 9 0 0 0 0 14 8 0 0 0 0 0 0 11 1 0 0 10 0 0 29 0 0 19 0 12 14 16 0 2 0 0 19 9 4
10 6 20 21 15 0 3 9 0 0 4 0 13 16 0 8 11 6 12 13 16 20 10 2 0 24 30 11 22 0 0 0 11 9 3 16 9 0 0 0 0 12 20 18 11 2 17 25 13
15 13 24 19 22 18 24 9 13 12 26 19 0 17 16 0 0 18 26 2 11 15 0 1 20 26 13 6 0 0 13 20 24 25 6 14 2 14 11 17 4 15 22 26 17 20 16 16 22
29 24 21 11 8 16 41 14 15 0 0 2 18 46 4 2 0 0 0 4 33 11 2 0 0 0 0 21 11 1 0 0 0 0 11 13 0 13 6 0 0 26 17 11 9 15 3 8 11
34 11 35 4 19 32 41 29 13 16 17 13 17 38 13 12 0 12 1 24 30 0 1 0 23 0 4 20 10 8 1 16 33 15 19 4 8 1 0 0 11 10 15 19 0 2 8 21 24
20 0 0 3 0 17 19 4 0 0 0 0 2 0 0 0 2 12 13 8 0 0 0 9 0 13 6 0 0 3 3 11 23 10 0 0 0 0 3 21 21 0 1 0 0 3 13 0 8
4 10 23 40 28 9 0 45 18 18 45 45 41 17 15 0 2 15 33 16 19 6 0 9 10 10 32 31 16 2 14 14 10 31 23 11 1 21 0 20 13 18 17 15 17 35 25 18 40
47 20 0 16 2 28 44 36 34 22 33 31 24 31 18 27 24 11 12 11 23 17 17 0 1 0 15 16 15 4 0 0 28 14 15 20 0 0 0 16 17 13 21 10 13 0 0 10 27
38 26 18 27 33 29 38 23 19 21 39 40 29 24 21 8 13 24 13 17 18 13 10 6 20 24 18 27 27 0 11 16 17 12 24 28 6 15 15 22 0 13 42 26 10 0 0 13 13
9 4 10 0 0 8 0 0 0 0 3 14 0 0 0 0 0 14 31 4 8 0 0 3 9 0 4 9 1 0 13 17 9 0 0 6 3 2 0 0 9 0 14 0 1 3 8 0 0
11 4 8 4 0 10 15 19 1 0 0 0 0 3 2 3 12 6 12 8 2 0 2 10 1 0 0 10 0 0 0 9 0 6 9 1 0 6 0 17 0 0 0 0 0 0 0 0 4
52 9 9 0 0 15 18 16 0 0 0 0 0 23 0 0 0 0 0 0 24 8 0 0 0 0 0 3 10 0 0 0 23 13 0 15 0 0 0 9 0 0 13 0 0 1 0 0 23
0 10 17 20 15 1 3 0 40 34 24 20 11 0 29 12 0 24 21 17 0 19 3 0 0 0 0 0 8 10 20 0 0 0 2 6 6 20 24 0 33 32 0 0 10 28 19 9 0
26 15 14 0 0 17 28 17 3 2 0 0 2 0 0 0 1 0 0 0 0 0 0 0 0 0 0 1 0 0 3 0 0 0 1 3 0 0 0 0 0 0 9 0 0 0 0 0 1
63 22 38 16 27 47 58 51 1 10 24 22 24 38 0 1 9 29 23 11 36 0 0 0 0 0 0 35 9 0 0 0 0 0 25 27 0 0 0 0 11 17 36 10 0 0 0 13 40
12 9 29 2 10 17 17 18 0 0 0 0 0 0 0 0 0 0 0 0 13 0 0 0 13 14 14 16 0 6 14 12 19 6 19 3 3 0 3 0 0 19 9 16 14 0 12 10 17
40 15 15 0 12 18 28 16 0 4 14 12 11 18 16 6 1 13 14 10 18 1 6 6 0 0 0 10 11 0 0 6 0 9 10 17 8 12 8 3 1 2 25 0 0 2 0 0 26
38 14 13 1 9 24 24 15 1 0 3 12 3 9 0 0 0 2 17 24 11 4 0 0 0 0 0 0 15 0 1 8 17 13 15 11 0 11 3 21 15 6 23 15 0 11 0 15 31
33 28 27 14 12 23 43 37 8 0 4 0 23 46 13 15 10 6 0 14 37 14 18 18 10 0 0 31 14 21 24 0 0 0 36 25 23 20 0 0 0 42 33 25 17 15 14 29 50
46 22 28 18 18 32 38 25 19 25 0 9 20 47 23 2 1 4 3 8 36 13 3 0 8 13 16 27 19 0 6 9 13 0 16 35 0 0 0 0 0 4 42 19 0 0 0 0 0
58 21 21 11 23 41 44 33 4 4 13 27 21 16 18 0 0 21 23 23 14 2 0 0 20 44 30 22 10 4 0 18 46 32 19 13 3 9 10 22 16 18 21 0 15 20 20 19 20
1 0 0 0 0 0 0 0 0 0 1 2 0 0 0 0 0 0 21 8 0 0 0 0 0 11 0 0 0 0 0 11 16 6 0 0 0 11 12 10 0 0 0 0 0 10 0 0 0
18 0 0 0 0 0 6 6 25 24 0 18 4 0 15 18 22 0 26 22 0 14 6 13 25 52 30 0 0 0 9 14 17 15 0 6 11 29 22 12 0 0 15 0 0 0 0 0 23
6 9 15 9 13 9 16 21 0 17 10 4 16 24 28 1 0 2 0 6 26 10 0 4 8 0 0 23 0 1 14 14 0 9 16 14 11 0 2 3 0 2 13 20 10 4 1 6 4
20 4 2 17 2 12 31 11 0 10 14 4 2 13 0 0 15 0 0 0 9 0 2 0 0 3 0 10 6 0 0 18 50 25 8 26 0 0 0 27 6 12 40 0 0 0 8 10 9
32 14 13 3 0 24 28 9 0 0 16 25 6 1 0 6 11 20 24 0 0 1 0 6 0 0 0 0 1 1 9 2 0 0 0 3 0 0 0 11 12 4 9 0 0 0 0 0 0
0 0 0 0 12 2 0 0 0 0 4 16 10 4 0 0 0 0 0 0 2 0 0 0 6 34 19 0 0 0 0 0 34 33 4 0 0 0 0 10 0 4 0 0 0 25 0 0 0
0 14 9 14 13 8 0 17 0 0 0 4 9 4 0 0 0 0 6 0 0 0 0 0 0 0 9 0 0 0 0 17 17 18 0 4 0 0 0 8 4 0 3 0 0 0 1 0 0
55 39 25 21 17 36 40 23 3 2 0 0 12 11 15 0 17 29 8 3 26 0 0 13 13 0 0 14 0 0 15 2 0 0 16 16 3 11 9 0 8 14 19 4 0 0 4 0 0
11 25 30 28 21 15 21 14 14 27 38 11 6 0 14 17 9 24 18 18 1 9 4 14 4 0 0 0 1 3 3 0 0 0 0 3 0 0 0 0 0 0 1 0 4 18 4 11 9
8 13 19 6 17 6 0 9 0 6 0 16 17 0 0 0 8 12 14 16 0 0 0 0 2 12 9 0 6 0 10 3 8 18 0 6 6 29 21 6 17 0 13 0 20 24 19 0 12
0 8 17 15 8 12 8 0 0 15 0 1 11 0 0 6 10 10 0 0 0 0 0 12 13 4 1 0 0 0 13 6 8 3 0 0 0 0 1 0 2 0 0 4 9 0 0 4 0
22 9 12 19 17 13 18 26 10 8 14 32 13 14 18 0 0 0 0 23 12 11 0 0 28 43 26 17 6 0 4 18 55 17 12 9 0 0 12 16 12 27 14 1 8 18 15 13 19
99 44 32 20 15 59 76 42 19 13 24 22 19 34 24 25 11 15 17 15 29 21 15 6 10 10 2 28 35 10 0 2 0 1 26 42 10 0 2 1 16 36 55 26 27 8 9 46 65
24 8 28 18 25 22 30 9 11 0 0 12 30 15 12 10 6 11 12 19 10 13 0 8 13 19 26 12 15 0 0 17 18 23 12 0 0 10 0 14 16 27 15 19 15 30 19 11 9
59 28 16 0 4 37 64 34 0 0 0 0 12 23 4 0 0 0 0 9 20 4 0 0 13 6 3 22 19 0 0 21 16 15 22 29 0 0 0 0 0 13 38 17 0 0 0 30 42
35 18 23 18 17 22 24 18 0 0 0 4 9 18 0 0 0 6 21 13 20 1 0 16 17 0 0 6 16 16 20 4 0 0 9 25 22 18 24 0 0 21 34 20 18 26 15 9 15
29 13 2 0 8 17 19 0 0 0 16 20 0 11 0 0 2 3 15 16 16 3 8 6 25 43 0 15 4 8 2 22 19 0 17 14 9 15 15 0 0 0 11 10 0 10 0 17 12
16 11 14 8 11 16 19 17 0 6 11 6 0 15 13 8 12 8 0 0 18 1 0 4 0 18 9 15 8 2 4 17 9 0 16 14 12 6 14 4 0 16 19 22 25 14 8 6 29
10 8 4 10 0 0 2 0 11 0 0 24 17 2 20 13 0 2 10 16 1 23 2 0 1 0 0 3 0 0 4 3 0 9 0 4 0 0 3 2 3 0 6 10 4 6 1 0 14
80 28 23 0 12 50 53 23 0 0 0 0 0 11 0 0 0 0 0 0 8 0 0 1 9 13 0 9 15 0 0 15 13 0 14 27 0 0 0 0 0 17 29 19 3 0 0 8 30
48 15 28 13 21 29 32 11 1 11 10 12 15 29 14 8 11 0 13 10 19 10 0 10 11 4 10 21 13 9 4 0 0 0 12 16 13 4 0 10 14 22 22 12 2 8 0 19 39
27 19 23 23 25 30 36 33 19 31 24 48 42 48 21 8 23 20 26 28 44 8 10 15 14 9 21 37 22 11 0 11 28 26 40 19 11 0 20 22 21 46 33 21 17 31 11 23 59
2 13 0 12 12 0 11 8 0 11 22 13 13 0 16 18 16 17 17 9 8 12 14 8 8 2 11 2 6 2 3 1 0 16 2 3 12 22 17 0 4 0 6 6 2 0 0 0 0
6 10 16 15 10 6 9 17 9 19 6 0 20 24 9 18 16 16 12 16 18 11 14 12 40 40 37 27 9 10 12 39 65 36 25 10 12 23 19 31 11 30 18 19 24 18 16 32 38
11 0 0 1 3 4 16 18 22 13 4 8 0 15 38 13 9 14 15 14 12 19 14 4 22 17 23 12 9 13 2 24 23 16 13 0 8 0 13 19 14 8 1 9 0 6 12 18 26
26 6 4 0 0 0 9 0 4 3 2 11 0 0 0 8 11 0 18 17 0 0 4 11 9 26 28 3 13 0 3 4 29 12 12 4 0 0 0 0 8 12 19 11 3 0 6 11 6
1 0 0 12 8 0 0 0 18 16 13 32 13 2 26 15 2 0 0 9 2 23 8 10 11 0 0 2 4 2 15 0 0 0 0 0 0 22 0 6 19 21 6 0 11 16 3 23 32
30 21 22 19 15 19 33 24 0 0 11 6 27 43 0 0 1 13 9 12 38 0 0 0 11 23 11 31 6 0 6 4 16 29 31 17 9 4 19 3 11 11 32 21 4 6 12 1 3
29 19 12 8 16 23 38 12 0 0 0 0 20 21 0 0 6 10 0 4 19 0 1 3 2 0 4 19 2 0 0 1 23 8 19 18 3 0 0 1 0 11 24 8 0 0 4 0 32
32 12 23 6 16 26 26 15 0 13 10 9 0 18 9 9 0 11 15 18 17 16 20 3 1 17 8 9 24 18 10 12 15 0 12 20 10 6 19 9 6 22 22 20 24 24 14 36 39
33 17 13 0 6 11 24 20 16 11 16 0 4 21 22 13 8 1 15 11 17 15 6 4 14 10 11 6 0 1 4 10 2 0 0 0 0 0 0 0 0 0 19 0 0 0 0 1 0
41 13 18 0 11 31 36 8 12 12 10 13 10 26 18 0 12 15 6 0 25 2 12 15 0 0 0 26 18 11 0 1 0 6 25 20 13 14 14 8 21 32 26 28 21 12 16 17 40
46 22 28 26 21 32 41 28 22 11 2 29 13 0 21 11 25 24 28 9 1 1 13 21 4 17 0 0 15 8 0 14 16 20 6 20 8 9 11 6 24 3 24 11 0 1 12 12 24
101 49 49 37 39 69 103 52 25 12 13 23 31 52 42 10 0 0 26 31 42 15 3 0 23 31 35 39 18 3 17 33 32 14 38 29 4 23 20 2 6 33 41 11 10 13 20 20 26
48 18 22 17 10 31 41 39 10 1 0 0 12 36 33 0 0 0 6 26 41 27 2 0 8 23 34 27 28 1 0 0 24 13 10 23 2 0 0 11 0 4 38 20 15 2 0 0 11
22 14 10 23 20 17 26 14 32 25 13 15 6 3 44 44 24 21 15 12 1 29 17 15 0 19 30 19 28 13 13 6 0 0 11 17 12 0 0 3 0 0 23 15 21 19 6 8 38
49 22 26 16 15 42 51 6 8 12 6 4 10 30 0 0 0 14 4 0 22 0 0 0 0 0 0 6 9 3 0 0 0 0 10 24 12 0 0 10 6 25 27 15 11 15 0 22 55
24 6 0 14 0 23 42 0 0 3 2 12 0 27 0 0 0 0 1 0 25 2 0 0 0 0 10 12 0 0 0 0 0 0 1 12 0 2 0 3 0 4 25 0 0 0 0 0 12
59 15 16 15 12 39 36 4 12 0 25 14 2 2 4 0 0 6 11 13 0 11 0 0 18 40 39 0 21 0 10 21 37 21 11 27 0 10 22 12 0 20 37 14 15 15 4 15 23
11 19 10 4 3 12 21 10 2 6 0 3 4 12 0 0 0 20 14 4 9 0 0 6 0 0 0 11 0 1 0 0 0 0 0 10 0 0 3 0 0 0 23 9 0 0 0 12 8
16 8 15 13 0 0 8 15 15 22 2 0 0 1 16 19 19 11 16 20 0 1 2 0 4 20 0 0 9 0 0 0 8 0 0 19 0 0 0 0 0 0 15 0 0 0 0 0 4
3 2 0 11 12 2 11 17 8 0 3 22 20 24 23 14 3 2 9 21 27 1 18 11 25 30 30 23 0 13 0 13 28 25 22 15 12 0 15 3 4 12 24 20 2 11 0 0 0
21 19 14 17 11 16 19 14 6 11 0 3 9 0 4 0 0 2 0 11 0 0 0 0 0 10 9 0 0 0 0 17 10 8 9 6 0 0 1 6 0 10 11 0 0 0 0 14 9
14 9 0 13 16 16 15 14 8 4 11 23 23 23 0 0 0 0 0 0 23 4 0 0 8 8 0 19 0 0 0 6 1 10 9 23 0 3 12 15 0 0 44 0 4 4 0 0 0
11 0 0 0 0 0 13 0 0 0 0 0 0 0 0 14 0 0 0 0 0 10 10 3 2 10 4 0 0 0 0 3 8 0 0 0 0 6 0 0 0 0 0 0 0 0 0 0 0
37 0 0 0 2 18 41 14 0 0 3 0 0 16 0 0 8 10 11 4 11 0 0 4 0 0 0 21 0 8 0 0 18 0 6 16 6 0 0 0 1 0 31 11 10 25 0 0 3
22 15 0 13 2 9 16 10 0 0 0 8 8 9 0 0 0 12 15 2 8 0 0 0 0 0 3 6 2 3 0 0 1 8 0 10 9 0 0 0 2 0 11 18 0 0 13 0 9
20 1 0 0 3 13 15 1 0 0 0 4 13 10 0 0 0 0 23 2 11 0 0 0 0 0 0 13 0 0 0 0 10 0 13 0 0 11 0 0 2 30 6 14 13 8 6 11 41
31 11 16 0 2 23 30 20 3 3 0 0 2 11 2 0 0 4 0 0 12 0 0 11 20 0 0 14 13 4 0 9 0 0 16 19 0 0 12 0 0 18 33 6 0 0 0 0 15
58 28 12 12 0 35 54 20 13 13 11 11 0 8 9 14 0 0 0 1 4 14 18 0 0 39 21 4 23 3 0 8 41 0 0 32 0 0 0 0 0 0 56 28 18 0 0 0 12
42 15 12 0 10 30 47 36 20 4 3 8 9 25 41 12 0 10 13 9 23 12 15 1 13 0 0 25 4 12 14 8 2 0 48 13 26 38 27 0 0 33 9 24 30 10 3 19 46
0 0 0 0 0 0 2 0 2 0 0 0 0 0 4 0 0 0 0 0 0 2 0 0 0 1 0 0 1 2 3 0 4 10 0 0 0 0 0 4 0 0 2 0 0 3 0 0 0
27 23 30 21 13 32 36 23 12 16 16 28 21 2 0 0 0 9 17 16 4 0 0 4 22 9 13 8 11 0 13 30 45 29 11 8 0 11 18 29 13 20 11 3 8 14 11 8 31
39 15 10 12 0 26 33 18 1 2 25 0 1 22 0 12 10 11 15 0 23 11 16 6 1 0 0 11 25 9 0 2 0 0 20 24 17 0 1 0 9 2 23 12 16 15 6 15 25
46 36 24 20 2 25 44 40 20 0 19 10 13 20 25 21 25 20 23 19 23 12 9 14 18 9 0 10 25 14 1 21 44 0 18 33 23 12 20 43 9 3 42 34 15 11 14 24 31
0 0 0 0 0 4 0 0 9 14 2 10 0 0 0 10 12 0 6 6 3 0 16 6 11 19 13 2 0 12 9 10 8 8 6 1 0 0 4 1 0 4 0 0 0 0 0 1 0
1 0 0 0 0 0 0 1 0 0 0 0 0 0 0 0 0 0 1 0 0 11 9 0 1 0 0 0 8 4 0 0 10 0 0 0 1 0 0 0 0 0 0 0 0 4 0 0 0
4 23 0 16 0 8 0 0 19 13 11 15 4 0 3 2 0 1 0 0 0 10 0 0 0 18 4 0 3 0 3 18 43 21 0 0 0 0 0 2 14 0 4 0 0 0 0 10 11
8 4 22 10 12 12 11 13 0 4 2 12 11 0 0 0 0 1 2 10 0 3 0 0 4 20 0 3 6 0 3 0 16 10 0 0 0 6 10 6 0 0 8 4 6 0 1 16 11
19 19 12 13 0 11 19 26 16 11 18 14 11 18 17 0 0 21 16 13 19 0 0 0 11 0 0 18 0 4 8 0 0 0 18 20 9 0 13 13 9 13 25 17 11 12 14 24 42
0 0 11 18 8 0 0 3 11 9 21 26 0 3 0 0 8 2 0 0 0 4 0 0 0 0 0 0 0 4 0 0 15 0 2 3 0 0 0 6 0 21 0 0 0 0 0 6 21
1 0 0 0 1 0 0 0 14 8 0 6 8 0 20 6 0 0 0 15 0 18 0 0 10 11 14 0 0 0 0 0 10 0 0 0 0 0 1 6 1 0 15 0 0 0 0 0 0
44 24 22 15 30 34 50 41 6 10 21 39 38 35 8 1 1 21 38 14 30 4 6 4 9 13 11 36 18 2 0 11 23 20 31 26 0 25 25 20 14 23 38 9 28 18 0 8 25
20 13 25 3 0 18 25 2 0 3 1 0 6 6 0 0 6 26 18 15 0 0 0 0 0 0 0 4 0 0 0 0 0 0 8 2 0 0 0 0 0 23 4 0 0 0 0 0 9
29 16 0 0 0 9 21 17 0 1 10 19 0 11 17 0 1 3 0 19 9 12 0 3 1 0 0 9 10 0 2 0 0 0 17 19 0 0 8 0 8 10 12 0 0 0 0 0 8
57 22 22 11 13 43 62 19 0 12 12 12 19 43 0 8 26 3 0 19 27 2 14 17 14 0 0 14 13 12 6 17 37 25 26 23 8 12 14 18 9 21 33 27 23 21 14 13 27
22 9 11 0 0 27 31 15 0 0 9 8 6 4 0 6 6 16 23 10 15 0 9 0 4 3 10 16 13 16 9 10 3 16 17 9 21 21 17 10 0 19 8 13 11 4 2 18 45
0 2 0 0 0 0 0 0 0 0 0 0 0 0 0 0 0 0 0 0 0 0 3 0 0 0 0 0 0 9 0 0 0 0 0 0 12 0 0 0 0 0 0 6 1 0 0 0 0
28 14 17 13 10 14 17 0 0 0 1 0 0 0 0 0 6 0 0 0 0 0 0 8 10 29 25 0 16 9 15 18 22 26 1 16 9 4 1 0 1 0 19 6 12 14 22 16 9
29 8 0 0 0 18 19 3 8 1 0 0 8 13 0 0 0 6 0 8 0 3 0 0 0 0 0 0 0 0 0 8 0 0 0 0 0 0 0 2 8 0 0 0 0 0 0 0 0
9 0 0 0 0 1 0 4 2 0 0 0 0 0 0 0 0 0 0 0 0 0 0 0 0 0 0 0 4 0 0 2 0 1 3 3 0 0 0 10 3 0 0 0 0 0 0 8 10
25 18 25 17 11 16 14 20 15 6 10 14 8 0 29 0 9 6 0 18 17 22 10 16 26 21 24 13 17 21 27 19 25 18 10 19 17 15 21 16 15 11 27 12 8 14 22 18 8
9 12 12 14 26 13 12 26 1 0 4 25 16 1 26 2 8 19 21 12 3 3 3 11 11 0 0 14 9 0 0 0 0 6 18 9 0 0 0 1 18 8 10 2 0 1 0 3 10
0 0 3 10 10 3 0 0 0 0 8 14 8 1 0 2 6 0 6 2 3 0 14 6 12 13 0 0 0 10 0 0 19 0 9 0 8 0 0 6 6 13 0 11 11 0 4 16 0
10 15 19 18 10 17 25 13 20 17 22 6 0 15 8 3 16 14 1 0 17 2 0 0 0 0 0 12 0 10 0 0 0 0 6 11 0 0 0 12 14 6 16 17 11 24 11 0 0
15 4 19 11 23 11 14 17 0 18 31 46 13 13 0 3 12 23 41 39 19 0 0 22 32 0 16 29 0 0 9 16 1 24 25 0 4 18 18 32 24 35 2 0 0 0 2 0 4
