0 0 83 0 -94 109 34 0 0 0 0 43 -36 0 0 -50 0 0 0 0 0 0 50 127 0 0 0 0 0 0 0 49 -41 0 0 0 -71 55 0 0 66 0 0 0 0 0 0 0 -41 0 0 0 0 0 32 0 40 0 0 0 0 0 0 -82
0 0 0 0 0 0 0 0 0 0 0 0 0 0 0 0 0 0 0 0 0 0 0 0 0 0 0 0 0 0 0 0 0 0 0 0 0 0 0 0 0 0 0 0 0 0 0 127 0 0 0 0 0 0 0 0 0 0 0 0 0 0 0 0
0 0 0 0 0 0 0 0 0 0 0 0 0 0 0 0 0 0 0 0 -72 0 0 0 -64 0 0 0 -74 0 127 0 0 0 0 0 0 0 0 0 66 -124 0 71 0 0 0 0 0 0 0 -72 0 79 0 0 0 0 0 0 0 0 0 0
0 0 34 0 26 25 0 11 12 0 10 12 -24 -18 0 -11 0 0 -32 0 -127 0 29 39 18 0 -17 -15 10 0 -11 -19 -37 -36 0 0 -26 -10 0 -38 39 68 49 0 0 0 8 13 -12 -16 -8 -41 -33 0 15 31 -45 0 0 0 0 0 0 -10
0 0 0 0 0 0 0 0 0 0 0 -58 0 0 0 0 0 0 0 0 0 0 0 0 0 0 0 0 0 69 0 0 0 0 0 0 0 -71 0 0 0 0 0 0 0 0 58 121 0 0 0 0 0 -68 0 0 0 0 0 0 0 0 0 127
0 0 -120 0 0 0 -94 0 0 0 0 27 0 0 0 0 -44 0 80 0 0 0 60 127 0 26 0 0 0 33 26 0 0 43 0 0 31 0 -32 0 0 0 0 76 -41 -26 0 -50 40 0 0 0 0 -26 0 -52 0 0 0 0 -27 0 0 0
0 0 0 -41 -81 0 -22 0 28 0 0 127 -21 0 0 0 25 0 0 0 0 0 20 0 0 23 42 -26 -18 0 0 0 -24 -84 -32 -57 25 -66 -17 -36 -52 38 25 -34 0 46 -29 -113 0 -34 29 -57 0 22 67 0 0 0 0 0 0 0 31 0
0 -39 -104 -27 0 -47 20 53 0 0 -26 -32 -43 0 0 -21 64 -17 100 0 0 41 -27 -55 -29 -25 -54 0 0 -16 -20 -49 18 113 -18 0 40 0 0 -17 -79 0 0 24 0 17 -33 -31 127 -31 93 24 0 -61 29 0 51 0 0 0 -23 0 0 0
0 0 -128 0 -40 -67 62 0 0 0 0 0 0 0 0 0 0 0 44 0 0 0 0 -75 -32 0 -31 0 0 0 0 -34 49 114 0 0 59 0 0 0 -102 0 0 0 -56 0 0 0 46 0 97 0 0 0 0 -80 -35 0 0 0 0 0 0 0
0 0 -61 0 35 -47 0 -40 32 0 -27 76 26 -16 0 0 21 0 33 0 0 -93 0 -25 42 -128 -56 0 30 0 -24 -25 0 -28 31 0 0 -45 49 25 -42 0 -72 0 29 41 24 0 17 0 49 84 -24 0 59 -24 0 0 18 0 0 0 -31 -52
0 31 -9 0 20 -125 -127 19 0 0 0 0 0 0 13 21 15 0 50 0 0 0 11 0 -20 0 -10 0 0 14 0 -15 20 15 0 0 17 -15 0 0 -9 14 0 42 0 0 28 -20 33 -19 -47 0 12 0 10 0 10 -23 0 0 0 0 0 0
0 60 96 72 39 51 0 67 0 28 39 -43 63 44 35 -81 53 0 -37 0 -28 0 -41 75 0 -31 0 90 -52 33 0 0 -68 -97 0 100 62 0 0 -25 0 0 127 -56 0 43 52 -115 0 -30 -128 0 36 31 82 45 56 0 0 0 -34 0 0 -58
0 0 -26 -22 0 0 24 0 0 0 0 37 0 -40 0 -23 41 0 107 0 0 32 -27 -69 0 34 -128 0 -45 0 -23 -76 -31 106 0 0 0 -48 0 0 -22 0 0 0 -32 -24 0 46 43 -46 69 26 -26 0 0 0 -21 -23 0 0 0 0 -47 0
0 0 -29 -41 -49 -25 0 0 0 0 0 54 0 0 -34 23 -21 0 127 0 -98 58 0 -86 -68 0 -48 0 22 -38 -19 0 64 125 0 0 24 -58 -27 78 -40 42 102 0 0 -26 -25 43 37 0 101 -40 0 0 49 0 -34 0 0 0 0 0 0 -60
0 -61 37 -75 31 53 0 -15 0 20 21 22 -80 0 0 -36 0 0 -60 0 16 0 0 50 22 -38 0 0 38 0 94 56 -24 -84 0 27 -42 40 0 27 37 0 -16 -24 29 28 0 55 127 14 -31 -15 -47 18 -30 33 29 19 0 0 -51 0 0 -18
0 0 92 33 43 69 25 127 31 26 0 -68 0 52 0 0 33 0 -26 0 46 -44 0 38 0 25 -94 32 0 -70 0 -38 -85 0 0 0 -42 -93 0 -62 93 -101 0 0 0 33 0 -31 22 -32 -34 0 112 -46 38 0 -39 0 0 0 0 0 -22 0
0 12 9 0 0 0 0 -18 0 -9 0 27 0 0 0 0 0 0 -25 0 -34 81 0 0 -33 8 11 0 13 0 0 0 0 -38 -29 0 0 0 -28 12 0 -61 10 -9 0 0 0 0 0 7 0 -128 -17 0 0 23 0 0 9 0 7 0 0 21
0 -29 -101 -34 -42 -49 38 -50 0 0 0 0 -36 -19 0 0 -44 0 104 0 21 20 0 -58 -65 -19 -68 0 0 0 0 0 60 78 -27 -20 56 -25 -42 19 -63 0 21 20 0 -57 96 0 127 -46 42 27 0 0 0 -33 0 0 -21 0 36 0 0 23
0 0 0 0 -43 74 0 60 59 0 0 0 0 0 0 -53 0 0 0 0 51 101 0 -64 46 51 127 0 0 59 0 0 0 0 0 52 85 0 0 63 -124 91 68 -109 66 60 0 0 0 51 0 0 0 0 0 0 89 111 0 0 0 0 62 0
0 0 127 -29 -36 59 0 -21 0 0 0 0 -34 -20 0 -52 0 0 -61 0 0 0 0 59 0 -25 0 0 0 0 0 58 -25 -40 0 0 -68 41 0 0 59 35 0 -18 0 0 0 0 -54 0 -39 0 -24 0 0 17 0 0 0 0 0 0 0 0
0 65 0 23 0 0 -42 0 0 0 0 127 -46 -55 33 -47 -56 0 0 0 -30 -66 26 23 0 0 -34 -43 -23 27 -127 -28 -41 -101 48 0 -38 -31 38 31 -42 -83 0 -28 0 0 0 -81 121 0 63 35 46 0 54 0 0 22 0 0 0 0 -71 0
0 48 0 -41 89 41 0 0 -31 0 0 0 -68 -42 0 -31 47 -21 -52 0 -21 -52 63 74 -27 -36 0 -42 71 0 0 26 0 -25 37 -28 -31 27 -24 0 127 0 23 97 0 -33 0 0 62 -27 0 -31 46 44 53 28 40 0 -29 0 0 0 -33 0
0 0 0 0 0 0 0 0 0 0 0 0 0 0 0 0 0 0 0 0 0 0 0 0 0 0 0 0 0 0 0 0 0 0 0 0 0 0 0 0 0 0 0 0 0 0 0 0 0 0 0 0 0 0 0 0 0 0 0 0 0 0 0 0
0 0 0 0 0 0 0 0 0 0 0 0 0 0 0 0 0 0 0 0 0 0 0 0 0 0 0 0 0 0 0 0 0 0 0 0 0 0 0 0 0 0 0 0 0 0 0 0 0 0 0 0 0 0 0 0 0 0 0 0 0 0 0 0
0 -62 -80 -56 28 -36 0 30 0 22 0 36 -127 0 0 52 -34 0 49 0 0 0 0 -30 -45 26 -59 0 32 0 81 -42 0 32 -31 0 30 -39 0 0 -34 -39 -23 32 -27 0 20 38 102 0 53 -19 0 -35 0 -35 36 0 0 0 0 0 0 22
0 0 0 0 0 0 0 0 0 0 0 0 0 0 0 0 0 0 0 0 0 0 0 0 0 0 0 0 0 0 0 0 0 0 0 0 0 0 0 0 0 0 0 0 0 0 0 0 0 0 0 0 0 0 0 0 0 0 0 0 0 0 0 0
0 0 0 0 0 0 0 0 0 0 0 0 0 0 0 0 0 0 0 0 0 0 0 0 0 0 0 0 0 0 0 0 0 0 0 0 0 0 0 0 0 0 0 0 0 0 0 -127 0 0 0 0 0 0 0 0 0 0 0 0 0 0 0 0
0 0 0 0 0 -7 9 24 -10 0 0 -10 -8 7 0 16 7 0 0 0 13 -26 0 0 0 127 -23 -14 0 0 0 9 14 -13 -27 -7 10 62 -79 -20 0 0 9 0 12 0 0 0 0 0 -11 0 -11 0 -20 0 -8 -12 -14 0 0 0 0 8
0 -32 80 23 0 54 0 0 35 -26 0 -34 0 19 0 -28 0 0 -58 0 20 0 -46 -128 36 0 29 0 -27 21 -30 0 -66 -45 -26 0 -14 0 14 28 -60 0 0 -95 23 39 0 0 -53 0 -31 0 0 -14 15 0 0 39 37 0 -36 0 0 0
0 0 -37 -14 -30 -27 0 24 -22 40 0 31 0 0 36 99 0 0 16 0 0 28 0 -40 -14 0 -30 16 0 0 -26 81 127 -38 0 24 -46 0 28 0 0 -25 0 15 -16 19 0 0 28 64 21 16 0 -48 0 0 22 0 -14 0 61 0 0 0
0 -48 87 -15 0 79 0 -33 25 0 0 -67 -38 33 0 -19 0 0 -39 0 0 0 -51 -128 14 0 0 0 0 -22 0 17 -26 0 -24 0 -18 33 22 0 -28 0 23 -76 26 -22 37 -43 17 30 -17 0 0 0 35 25 44 37 17 0 -22 0 0 0
0 33 0 -9 -18 -41 -81 0 -17 11 0 0 -26 -14 12 -25 0 0 0 0 14 12 89 127 0 0 10 0 28 0 10 19 -22 -24 17 0 -30 0 25 0 65 12 0 49 -26 -18 -20 15 -10 -11 -45 13 -10 -22 0 14 0 -36 0 0 -23 0 -17 0
0 58 43 55 -36 42 0 -43 34 -44 -17 0 127 -34 -18 0 81 0 -72 0 0 0 0 25 44 37 0 0 0 32 -98 54 -50 -68 62 22 -81 25 20 18 0 0 0 -55 52 41 -65 0 -113 42 -45 0 28 0 0 43 43 0 -29 0 -49 0 -44 0
0 0 0 0 -14 0 0 15 0 0 0 -18 0 0 0 0 27 0 -13 0 20 -29 0 -19 0 0 0 52 0 35 0 0 -13 0 0 -12 -27 -32 19 -64 0 -30 0 0 0 0 0 -17 0 -21 0 0 -35 0 0 0 0 -16 0 0 0 0 -24 127
0 -32 50 -34 51 0 0 -116 0 29 0 127 -69 67 0 -83 0 0 -53 0 0 -30 -35 35 50 0 27 63 0 0 0 25 0 -111 0 31 0 117 0 33 0 74 0 -34 61 0 0 -49 0 0 -43 0 -62 36 60 0 68 0 0 0 0 0 0 0
0 -52 -57 -31 52 -29 0 0 0 59 0 -22 -29 83 44 53 0 42 0 0 35 -47 0 -73 -67 -22 -51 21 27 0 75 -28 51 -21 -42 30 24 -37 -28 0 -29 0 -37 21 -45 69 0 60 127 42 34 -23 0 -30 0 -60 97 0 58 0 0 0 93 19
0 0 0 85 63 37 0 -43 120 -36 0 0 97 0 0 30 -50 0 -69 0 35 -30 31 62 30 0 54 0 56 52 -33 50 0 -115 64 0 -94 44 0 39 29 0 -26 0 107 65 0 80 -128 58 0 0 0 0 0 0 37 0 0 0 -65 0 0 0
0 18 35 18 -24 26 0 -72 0 0 24 -22 -45 0 -23 0 0 0 0 0 -123 92 0 47 0 -54 21 0 0 0 0 0 -18 0 0 -20 0 -25 75 127 46 100 83 0 24 19 0 30 0 0 -26 -92 0 0 -45 0 -53 0 -27 0 -33 0 35 -124
0 0 0 0 0 0 0 0 0 0 0 0 0 0 0 0 0 0 0 0 0 0 0 0 0 0 0 0 0 0 0 0 0 0 0 0 0 0 0 0 0 0 0 0 0 0 0 127 0 0 0 0 0 0 0 0 0 0 0 0 0 0 0 0
0 0 0 0 0 91 0 0 0 0 0 0 0 0 0 -51 0 0 0 0 0 0 0 127 0 0 0 0 0 0 0 0 -48 -40 0 0 0 0 0 0 42 0 0 0 0 0 0 -44 -41 0 0 0 0 0 0 0 0 0 0 0 0 0 0 0
0 0 0 0 0 0 0 0 0 0 0 0 0 0 0 0 0 0 0 0 0 0 0 0 0 0 0 0 0 0 0 0 0 0 0 0 0 0 0 0 0 0 0 0 0 0 0 0 0 0 0 0 0 0 0 0 0 0 0 0 0 0 0 0
0 0 69 30 -39 71 0 -26 0 0 21 -32 -36 -21 -18 -83 -128 0 -26 0 -20 0 0 75 24 0 0 0 0 24 18 101 24 -77 30 0 71 44 0 0 0 0 0 -53 68 -26 82 39 -48 -22 -51 0 0 -55 0 0 -36 0 0 0 -29 0 20 -22
0 0 0 20 0 47 0 0 72 0 0 21 -35 0 51 106 0 0 -52 0 0 -32 0 58 41 -21 0 31 0 39 -31 -48 -95 -128 0 -26 -108 -53 -56 0 0 45 -46 -55 0 114 33 -23 -29 0 -49 0 0 0 0 56 0 0 21 0 -34 0 46 0
0 18 -41 -24 0 -24 0 -53 -19 0 0 25 51 0 0 0 20 0 45 0 -120 -52 -16 -40 -32 -60 28 37 -38 101 26 -28 40 76 33 -30 53 -110 22 -121 -22 18 0 29 0 0 0 20 0 -24 31 33 0 0 0 -47 0 0 29 0 0 0 -29 127
0 0 77 0 -32 65 0 0 41 0 0 -42 86 0 0 0 0 0 -94 0 73 -33 0 0 0 -52 0 0 45 79 -64 80 90 -128 51 56 -61 0 0 -69 37 0 0 -53 82 39 0 0 -87 58 -65 0 0 0 41 0 0 29 0 0 0 0 0 -31
0 0 0 0 0 0 0 0 0 0 0 0 0 0 0 0 0 0 0 0 0 0 0 0 0 0 0 0 0 0 0 0 0 0 0 0 0 0 0 0 0 0 0 0 0 0 0 0 0 0 0 0 0 0 0 0 0 0 0 0 0 0 0 0
0 0 0 0 0 -88 -62 0 0 47 0 -51 43 0 0 -66 0 81 0 0 0 -54 0 -89 -42 31 0 -36 -58 0 0 94 72 0 0 42 127 0 -102 98 -70 0 0 0 0 0 32 35 72 0 -42 0 42 44 45 -50 -51 0 54 0 0 0 68 -44
0 0 0 35 0 -46 0 -99 0 0 0 -42 41 -31 0 -22 0 0 52 0 0 -110 0 -41 0 0 126 -60 0 0 0 -59 0 86 0 0 52 127 -36 -54 -84 32 -26 0 28 0 0 58 0 0 -24 28 -37 35 50 0 -96 0 0 0 0 0 0 38
0 0 0 43 37 0 47 0 0 0 0 -57 0 0 0 66 58 0 0 0 0 -128 0 0 0 0 -87 59 0 0 70 0 0 0 0 0 0 0 0 56 0 -81 0 0 0 0 0 105 0 0 0 -90 0 0 0 0 0 0 0 0 0 0 0 0
0 0 0 0 0 0 0 0 0 0 0 0 0 0 0 0 0 0 0 0 0 0 0 0 0 0 0 0 0 0 0 0 0 0 0 0 0 0 0 0 0 0 0 0 0 0 0 -128 0 0 0 0 0 0 0 0 0 0 0 0 0 0 0 0
0 0 103 0 31 45 0 -41 0 -19 0 -28 37 -23 0 -74 23 0 -32 0 -22 0 0 27 0 0 0 -22 30 28 0 41 0 -33 19 31 0 40 -78 -128 41 0 69 0 25 -23 0 -84 -53 19 -75 0 -48 32 79 0 30 0 0 0 0 0 -21 -37
0 0 0 0 0 0 0 0 0 0 0 0 0 0 0 94 0 0 0 0 0 0 0 0 -76 0 0 0 0 0 0 -63 0 76 0 0 0 0 0 0 0 0 0 0 0 0 0 0 0 0 0 0 0 0 127 0 0 0 0 0 0 0 0 0
0 0 0 0 0 0 0 0 0 0 0 0 0 0 0 0 0 0 0 0 0 0 0 0 0 0 0 0 0 0 0 0 0 0 0 0 0 0 0 0 0 0 0 0 0 0 0 0 0 0 0 0 0 0 0 0 0 0 0 0 0 0 0 0
0 0 -79 70 -43 -45 0 -40 0 0 -38 0 62 -44 -43 -60 -53 39 58 0 39 38 37 0 -39 -55 52 -45 0 -38 0 61 69 75 -39 0 93 127 -67 46 -110 0 -38 0 0 -64 0 -87 0 38 46 -41 0 -43 36 0 41 41 0 0 0 0 0 86
0 24 -128 0 -27 -34 -106 0 0 0 0 0 0 0 0 0 0 0 83 0 30 31 75 121 0 0 31 0 0 30 56 -31 0 53 30 0 35 0 0 28 0 26 -25 80 -30 -48 0 40 0 -26 0 0 0 0 44 0 47 0 51 0 -33 0 0 30
0 0 -85 0 79 -128 0 0 0 0 0 87 0 0 0 0 0 0 100 0 0 0 29 -53 -50 0 0 0 51 0 0 -87 0 105 0 0 53 -64 0 0 -49 0 -56 62 0 -49 30 0 57 -32 111 0 43 60 42 -56 0 -59 0 0 47 0 27 64
0 0 0 0 0 0 0 0 0 0 0 0 0 0 0 0 0 0 0 0 0 0 0 0 0 0 0 0 0 0 0 0 0 0 0 0 0 0 0 0 0 0 0 0 0 0 0 127 0 0 0 0 0 0 0 0 0 0 0 0 0 0 0 0
0 0 50 74 0 51 0 -59 0 -26 0 40 -31 -43 0 -44 -127 0 -52 0 0 0 0 41 0 -23 -47 0 0 0 -23 43 -34 -79 0 0 -57 30 -37 0 36 29 -42 0 -45 -21 84 39 -55 -38 0 0 -35 -24 -33 0 0 0 0 0 -33 0 0 0
0 -14 0 10 -13 10 16 13 28 0 0 -26 0 0 0 127 23 0 -11 0 -22 0 0 33 16 27 27 19 25 0 -13 12 0 -34 -13 0 -53 0 0 0 15 0 0 0 27 35 0 0 0 23 -18 0 10 -13 11 27 0 0 -18 0 -19 0 0 0
0 0 -54 0 0 -51 0 75 0 23 0 32 64 24 0 30 -48 43 34 0 0 -35 0 -60 -37 43 49 23 0 29 0 127 99 -41 25 0 77 0 46 0 -72 -46 -24 0 50 -28 0 0 26 53 49 -29 22 0 26 -45 0 0 -43 0 0 0 23 0
0 29 57 0 48 -128 -91 0 89 0 0 -35 -25 0 0 0 24 -30 123 0 0 33 0 -85 -36 -34 -40 0 0 0 0 -24 23 70 0 0 -23 40 0 54 37 65 78 75 24 -50 0 72 0 0 0 0 32 0 0 0 -75 0 -72 0 40 0 0 0
0 0 46 0 0 0 0 -29 19 0 16 0 0 21 0 -79 -18 0 16 0 0 0 0 49 0 33 46 0 -43 24 37 -94 -128 -25 0 0 56 23 34 0 -64 27 32 -40 0 0 25 -43 0 0 -79 29 23 50 -20 39 21 0 29 0 -54 0 0 0
0 0 92 0 0 -70 -125 -39 0 0 0 -60 -53 0 0 -69 0 0 0 0 -48 0 -29 85 0 -66 82 0 25 0 31 0 -66 -69 0 0 0 -55 0 61 80 48 31 0 0 0 32 34 25 0 -128 0 0 -27 41 0 -117 -55 0 0 0 0 44 -33
0 0 0 34 0 0 0 71 31 0 0 -61 -30 0 27 127 0 0 -30 0 0 0 0 53 27 41 0 0 0 0 0 -25 -52 -70 0 0 -71 0 36 0 0 0 39 -29 0 40 36 54 24 0 -26 0 0 -28 0 28 -48 0 0 0 -49 0 42 -49
0 0 0 0 0 0 0 0 0 0 0 0 0 0 0 0 0 0 0 0 0 0 0 0 0 0 0 0 0 0 0 0 0 0 0 0 0 0 0 0 0 0 0 0 0 0 0 0 0 0 0 0 0 0 0 0 0 0 0 0 0 0 0 0
0 0 0 0 0 0 0 0 0 0 0 0 0 0 0 0 0 0 0 0 0 0 0 0 0 0 0 0 0 0 0 0 0 0 0 0 0 0 0 0 0 0 0 0 0 0 0 -128 0 0 0 0 0 0 0 0 0 0 0 0 0 0 0 0
0 0 -46 0 40 -36 0 0 0 0 0 127 0 76 0 0 0 0 0 0 91 68 0 0 -34 0 41 80 0 0 38 -36 0 -67 0 0 47 0 0 0 -65 0 0 0 -29 0 0 -43 68 0 0 -45 0 40 0 0 47 0 0 0 0 0 0 78
0 0 0 0 -128 0 0 35 0 0 0 -67 60 25 0 23 0 21 76 0 0 38 -23 -26 -28 0 -37 15 -80 15 0 -28 -74 77 -15 0 50 0 30 0 -123 0 0 -100 -23 17 21 -24 68 0 -71 29 16 0 0 24 0 -15 44 0 -37 0 0 0
0 0 -27 44 -24 -31 36 -44 0 0 0 -105 50 0 0 30 0 0 0 0 0 -36 0 0 -22 -45 127 0 0 24 41 54 53 62 46 0 0 116 -24 0 -36 26 -42 25 55 48 0 55 32 52 0 46 -32 -27 24 0 0 0 23 0 0 0 0 35
0 0 0 0 0 0 0 0 0 0 0 0 0 0 0 0 0 0 0 0 0 0 0 0 0 0 0 0 0 0 0 0 0 0 0 0 0 0 0 0 0 0 0 0 0 0 0 127 0 0 0 0 0 0 0 0 0 0 0 0 0 0 0 0
0 0 0 0 0 124 0 -103 0 0 0 0 0 0 0 0 0 0 -128 0 0 0 0 0 0 0 0 0 0 0 0 0 0 0 0 0 0 -110 0 0 0 -107 0 0 0 0 0 0 0 0 0 0 0 0 0 0 0 0 0 0 0 0 0 0
0 0 0 0 0 0 0 0 0 0 0 0 0 0 0 0 0 0 0 0 0 0 0 0 0 0 0 0 0 0 0 0 0 0 0 0 0 0 0 0 0 0 0 0 0 0 0 0 0 0 0 0 0 0 0 0 0 0 0 0 0 0 0 0
0 -12 0 -13 -10 0 -24 0 16 0 -9 127 -16 0 0 0 -7 0 -9 0 20 0 13 -35 18 40 9 16 -34 10 -16 0 0 -73 0 0 0 0 0 32 -17 28 0 -27 14 12 -23 8 -17 -8 34 0 -13 -7 34 0 0 0 0 0 -22 0 10 40
0 47 -87 0 0 -102 0 0 0 0 0 46 40 0 0 0 0 0 109 0 39 38 58 -49 -42 -38 -40 0 0 0 0 -40 66 127 0 0 65 0 0 0 -65 0 0 55 -38 0 0 -75 79 0 90 0 0 0 0 -45 38 0 0 0 58 0 0 41
0 0 -20 0 16 -24 0 -30 7 0 0 13 11 -9 0 12 15 0 30 0 -128 20 10 -13 0 24 0 -8 0 31 0 -21 0 35 -8 -8 11 15 0 -26 -18 91 27 16 15 0 0 -7 0 0 21 -23 -15 0 0 -20 32 8 0 0 -7 0 0 0
0 0 -52 0 0 0 0 0 0 0 0 -108 0 0 0 -75 62 0 0 0 121 77 0 0 0 -86 0 -63 0 0 0 0 0 91 0 0 44 0 0 0 0 0 0 0 0 0 0 0 127 0 0 0 0 0 -65 0 89 -48 0 0 0 0 -45 0
0 0 0 0 0 0 0 0 0 0 0 0 0 0 0 0 0 0 0 0 0 0 0 0 0 0 0 0 0 0 0 0 0 0 0 0 0 0 0 0 0 0 0 0 0 0 0 0 0 0 0 0 0 0 0 0 0 0 0 0 0 0 0 0
0 0 42 0 0 127 0 0 0 0 0 0 41 0 0 -38 0 0 70 0 -59 -92 0 43 70 0 120 0 -59 0 0 -40 -50 0 0 0 0 0 0 -69 0 0 -51 0 0 53 -39 -58 0 0 0 0 0 0 42 -55 -66 109 0 0 0 0 0 -50
0 0 58 0 111 27 -14 -17 0 0 0 43 -45 0 25 -22 -15 0 -47 0 0 -34 20 -39 0 0 20 -22 0 0 0 21 0 -39 0 -15 -27 -12 0 16 127 17 0 47 0 0 0 0 -58 0 36 -16 0 64 0 0 26 45 0 0 0 0 0 16
0 0 -59 32 47 0 56 46 0 0 0 0 104 -31 0 0 -52 56 0 0 102 125 35 0 -45 107 -38 -65 -71 -72 35 -50 0 85 -47 33 95 64 -128 88 -41 -109 0 0 0 0 0 -74 0 0 0 -115 0 42 0 30 0 0 0 0 29 0 -43 -68
0 0 -52 0 17 -34 0 0 0 0 0 29 25 0 0 -53 -28 18 30 0 -55 -19 18 -43 -46 -28 -32 68 0 49 30 30 75 43 18 -18 101 -90 0 -123 -38 -55 0 27 0 -31 27 0 42 0 40 0 0 20 0 -41 -53 0 0 0 0 0 -21 127
0 0 38 0 25 40 0 -15 0 0 0 39 -27 -12 0 19 22 0 -17 0 0 0 0 23 37 12 26 0 47 0 -37 70 127 -57 19 -13 -54 19 28 25 76 0 0 0 48 0 -15 18 -55 16 20 22 -18 -29 23 21 0 0 -16 0 0 0 0 0
0 -36 93 0 64 53 0 0 38 0 0 70 -56 28 31 0 -46 -25 -69 0 26 -99 41 73 49 66 -25 53 0 -50 -44 -115 -127 -120 0 -53 -94 0 36 -33 26 -73 -66 -56 0 34 40 0 -54 -28 0 50 27 -64 81 0 -70 0 0 0 -34 0 -62 30
0 0 0 0 0 0 0 0 0 0 0 0 0 0 0 0 0 0 0 0 0 0 0 0 0 0 0 0 0 0 0 0 0 0 0 0 0 0 0 0 0 0 0 0 0 0 0 0 0 0 0 0 0 0 0 0 0 0 0 0 0 0 0 0
0 0 0 12 -15 11 20 10 -26 0 -14 -124 17 16 -17 14 12 -12 0 0 0 -26 0 0 0 0 0 19 25 0 0 29 12 103 -14 -18 -25 41 -64 0 43 15 0 22 -12 -23 0 -128 -38 24 -33 16 -33 0 -36 -26 -43 0 -12 0 0 0 16 0
0 38 63 56 -31 33 0 -21 0 -17 0 -32 71 -15 0 -31 -47 0 -28 0 -32 0 0 48 0 0 0 0 0 -26 -34 41 -27 0 0 0 -36 0 -19 -15 59 0 0 0 0 0 -18 0 -128 16 -63 0 -35 0 16 21 0 0 0 0 0 0 -16 -30
0 0 -40 0 0 -66 -19 -120 0 0 0 66 34 0 0 -30 -21 19 40 0 0 -38 0 -37 0 -36 71 22 -20 35 0 0 61 44 49 -25 60 0 -27 -20 -46 31 -76 0 26 0 0 127 -21 0 0 0 -69 42 0 -21 -43 0 0 0 0 0 0 34
0 0 0 0 0 0 0 0 0 0 0 0 0 0 0 0 0 0 0 0 0 0 0 0 0 0 0 0 0 0 0 0 0 0 0 0 0 0 0 0 0 0 0 0 0 0 0 0 0 0 0 0 0 0 0 0 0 0 0 0 0 0 0 0
0 0 127 0 -26 93 0 0 0 0 42 -34 -32 0 0 0 26 0 -62 0 62 -71 -52 50 38 33 55 0 0 0 -34 32 -36 -92 0 0 -55 0 0 -118 67 -55 -56 0 0 0 0 0 -51 -30 -71 0 0 0 0 33 -38 0 0 0 0 0 0 39
0 0 0 0 0 0 0 0 0 0 0 0 0 0 0 0 0 0 0 0 0 0 0 0 0 0 0 0 0 0 0 0 0 0 0 0 0 0 0 0 0 0 0 0 0 0 0 0 0 0 0 0 0 0 0 0 0 0 0 0 0 0 0 0
0 0 0 0 0 0 0 0 0 0 0 0 0 0 0 0 0 0 0 0 0 0 0 0 0 0 0 0 0 0 0 0 0 0 0 0 0 0 0 0 0 0 0 0 0 0 0 -128 0 0 0 0 0 0 0 0 0 0 0 0 0 0 0 0
0 0 0 0 27 29 34 -32 0 0 0 0 0 0 0 -32 38 0 -28 0 0 0 0 0 0 0 0 0 0 0 0 65 27 -34 0 41 0 0 -40 -30 27 0 0 0 0 0 0 127 0 0 0 43 0 0 0 0 53 0 0 0 0 0 0 0
0 0 0 0 0 0 0 0 0 0 0 0 0 0 0 0 0 0 0 0 0 0 0 0 0 0 0 0 0 0 0 0 0 0 0 0 0 0 0 0 0 0 0 0 0 0 0 127 0 0 0 0 0 0 0 0 0 0 0 0 0 0 0 0
0 0 0 0 0 0 0 0 0 0 0 0 0 0 0 0 0 0 0 0 0 0 0 0 0 0 0 0 0 0 0 0 0 0 0 0 0 0 0 0 0 0 0 0 0 0 0 0 0 0 0 0 0 0 0 0 0 0 0 0 0 0 0 0
0 0 0 0 0 0 0 0 0 0 0 0 0 0 0 0 0 0 0 0 0 0 0 0 0 115 0 0 0 0 0 0 0 0 0 0 0 127 0 0 0 0 0 0 0 0 0 0 0 0 0 0 0 0 0 0 0 0 0 0 0 0 0 0
0 0 -35 0 0 0 0 0 35 0 0 65 0 0 0 41 -32 0 -46 0 127 80 83 -96 -59 0 -103 0 0 67 0 0 0 0 0 0 0 -44 0 0 -34 0 -64 -34 0 -43 0 55 0 67 87 -33 0 0 35 -50 -65 38 45 0 0 0 54 37
0 0 119 0 17 -47 -128 -21 0 -29 0 0 -25 18 0 0 0 -22 -28 0 0 0 -19 0 0 0 0 0 16 0 19 20 -29 -63 0 0 -43 20 0 0 39 0 0 -25 25 0 16 0 -35 0 -53 0 0 0 0 46 0 0 0 0 -38 0 0 0
0 12 0 27 0 13 24 14 -18 0 11 -128 0 0 -21 20 0 0 0 0 10 -26 -23 0 -21 -60 0 13 32 -14 37 23 17 87 -10 0 -26 0 -12 13 45 0 28 35 -36 -33 0 0 0 0 0 -26 0 10 -60 13 -40 0 0 0 21 0 -17 12
0 28 -52 -36 -128 0 0 55 -32 0 0 0 38 0 0 -45 39 0 49 0 0 0 -33 0 0 -57 0 -52 0 0 -63 71 77 41 0 0 61 27 -36 -62 -56 0 33 0 0 -31 -56 53 0 0 0 0 36 36 80 -29 0 0 0 0 33 0 0 -53
0 0 0 0 0 0 0 0 32 0 0 64 0 0 26 127 0 0 -36 0 0 25 33 61 0 0 27 27 -35 39 0 -33 -50 -71 0 0 -78 33 0 0 0 0 0 0 0 73 0 -66 0 0 0 -27 31 0 0 0 -43 0 0 0 -27 0 0 0
0 0 -35 0 18 -39 0 -41 11 0 0 48 21 -14 0 -14 15 27 40 0 0 16 0 -13 0 -36 0 -37 0 -23 0 0 21 25 21 19 38 41 -42 99 -29 0 -47 0 11 0 -18 -30 14 13 20 0 -10 36 13 0 28 0 13 0 0 0 0 -128
0 0 0 0 0 0 0 0 0 0 0 0 0 0 0 0 0 0 0 0 0 0 0 0 0 0 0 0 0 0 0 0 0 0 0 0 0 0 0 0 0 0 0 0 0 0 0 0 0 0 0 0 0 0 0 0 0 0 0 0 0 0 0 0
0 50 -81 127 21 -37 0 0 0 0 0 51 120 0 25 42 -42 23 0 0 30 -23 28 -56 -64 -23 -45 0 17 23 -82 -38 42 31 44 38 38 -38 -20 19 -67 0 0 0 -17 35 0 56 -54 51 47 -42 40 0 0 -67 64 17 35 0 0 0 0 0
0 0 127 0 55 0 0 0 0 0 0 31 -34 0 0 -34 49 0 -46 0 0 -94 0 112 0 46 36 51 0 0 0 -36 -89 -79 0 0 -61 0 0 -45 62 -44 -39 0 0 0 0 -96 0 0 -43 0 0 0 0 0 0 -56 0 0 0 0 0 0
0 16 55 0 -19 29 0 -55 30 0 15 31 0 -23 -22 -28 -32 17 -49 0 0 -21 32 53 23 -66 20 -36 0 -31 23 50 0 -56 52 0 0 -42 20 91 49 -38 -47 -15 28 0 0 16 -69 0 -50 27 34 33 0 18 -27 0 -16 0 0 0 0 -128
0 0 -60 -27 0 -40 0 60 0 29 0 72 0 73 0 0 -123 49 40 0 0 -32 0 -63 -28 0 0 68 -24 26 30 85 89 -63 37 0 115 -32 0 0 -94 0 0 0 38 -25 44 42 127 0 39 -51 30 0 0 0 -29 0 0 0 -43 0 0 0
0 0 -16 18 29 0 21 0 0 0 11 -59 0 16 0 0 0 0 0 0 -13 0 0 0 -23 0 -30 0 0 -16 11 0 0 0 0 29 0 0 0 0 0 0 30 17 0 0 14 49 -21 -12 0 0 20 17 0 18 127 0 0 0 0 0 -13 -13
0 0 0 0 0 0 0 0 0 0 0 0 0 0 0 0 0 0 0 0 0 0 0 0 0 0 0 0 0 0 0 0 0 0 0 0 0 0 0 0 0 0 0 0 0 0 0 0 0 0 0 0 0 0 0 0 0 0 0 0 0 0 0 0
0 0 0 0 0 0 0 0 0 0 0 0 0 0 0 0 0 0 0 0 0 0 0 0 0 0 0 0 0 0 0 0 0 0 0 0 0 0 0 0 0 0 0 0 0 0 0 -128 0 0 0 0 0 0 0 0 0 0 0 0 0 0 0 0
0 0 -74 -33 0 -48 19 -49 0 0 -29 64 0 -28 19 96 -111 0 71 0 0 0 0 -128 -64 0 -20 -33 25 0 -18 0 84 64 -25 -47 0 -63 -48 0 -20 0 0 58 0 0 100 -34 60 0 32 0 -24 72 0 -37 0 34 0 0 58 0 -23 28
0 0 -74 0 -44 -63 49 0 0 0 0 0 46 0 0 42 0 0 85 0 27 40 0 -100 -29 -26 -40 0 -26 26 0 0 59 127 0 0 30 0 0 0 -78 30 0 0 0 0 0 -62 29 0 77 0 0 0 0 -30 0 0 0 0 26 0 0 0
0 0 -18 0 0 0 23 -47 -30 0 0 -93 0 -21 -15 31 0 0 0 0 38 0 -18 -16 -24 -128 14 0 25 14 24 21 29 117 21 -25 -39 -21 121 47 28 21 0 20 -45 -66 0 30 -42 17 0 0 0 0 -74 -31 -68 0 -14 0 0 0 21 44
0 0 0 0 0 0 0 0 0 0 0 0 0 0 0 0 0 0 0 0 0 0 0 0 0 0 0 0 0 0 0 0 0 0 0 0 0 0 0 0 0 0 0 0 0 0 0 -128 0 0 0 0 0 0 0 0 0 0 0 0 0 0 0 0
0 0 -103 0 -43 -65 0 0 0 0 0 49 49 0 0 127 46 0 54 0 0 0 0 -74 -62 0 -97 0 0 0 -69 -83 0 84 0 0 -63 -41 0 0 0 0 0 41 -79 -61 0 0 0 0 53 0 39 46 82 -49 78 0 0 0 0 0 -52 0
0 -7 0 0 7 -10 0 0 0 6 -10 0 0 0 0 0 11 0 0 0 0 -63 -12 11 51 -33 -19 0 -7 0 -7 0 10 -8 27 0 -9 8 0 11 -10 11 -24 0 11 7 0 15 0 0 0 127 0 0 0 -7 0 0 -9 0 -8 0 0 13
0 0 38 -40 -32 15 -10 -24 0 0 0 0 -20 0 0 -20 127 0 -16 0 0 0 0 12 26 0 22 0 0 0 0 19 -30 -20 0 0 -33 0 -13 -14 19 0 18 -16 15 0 -75 0 -24 0 -31 0 0 46 0 37 12 0 -18 0 -26 0 10 0
0 0 -33 25 43 -32 -12 0 13 -15 0 20 46 -13 0 25 0 0 29 0 127 0 22 -39 0 11 0 -27 0 -36 0 -29 12 44 0 0 22 12 0 41 0 -83 -65 18 12 12 0 -36 -18 0 39 -13 -11 0 0 -13 -72 0 24 0 0 0 -19 -91
0 0 0 0 0 0 0 0 0 0 0 0 0 0 0 0 0 0 0 0 0 0 0 0 0 0 0 0 0 0 0 0 0 0 0 0 0 0 0 0 0 0 0 0 0 0 0 0 0 0 0 0 0 0 0 0 0 0 0 0 0 0 0 0
0 -30 -52 -41 33 0 0 0 -16 16 0 0 -77 -24 0 -15 0 0 18 0 17 40 0 -60 -31 -30 -52 -43 0 19 37 -16 0 48 0 16 23 0 -32 -24 -26 -27 35 18 0 -19 32 33 127 -20 28 0 0 0 28 -13 19 0 0 0 0 0 -37 -23
0 0 45 0 0 39 -13 33 13 0 14 16 0 21 0 -35 0 -14 -26 0 -21 12 0 35 11 -18 -18 47 0 0 14 21 -29 -45 12 21 10 -24 -27 -128 28 -22 41 0 31 0 0 -15 -25 0 -29 17 -23 32 0 18 12 0 -16 0 0 0 -24 100
0 0 0 17 20 0 19 0 38 0 21 0 -18 0 0 -22 23 0 0 0 -122 0 0 39 40 0 -32 17 -40 28 0 -37 -60 -53 -20 0 0 0 -16 31 -19 127 86 -38 19 22 0 0 0 -17 -52 -29 0 0 18 17 -24 0 -16 0 0 0 0 0
0 0 -20 0 33 -22 0 0 0 0 0 -55 0 0 0 0 0 0 -16 0 21 0 0 0 -47 -30 0 0 34 0 21 21 0 0 0 0 0 21 0 -35 22 0 -23 25 0 24 0 127 0 38 -16 0 -22 0 -37 -31 123 -18 0 0 0 0 0 0
0 14 53 0 0 47 0 -42 25 19 13 0 -24 0 0 0 21 0 -43 0 -53 -23 12 23 0 80 -19 -41 0 -25 0 16 -12 -41 -15 0 0 0 -77 86 40 -43 -22 -25 21 0 0 28 -23 0 -34 0 13 -13 13 0 -39 0 17 0 21 0 0 -128
0 0 0 0 0 0 0 0 0 0 0 0 0 0 0 0 0 0 0 0 0 0 0 0 0 0 0 0 0 0 0 0 0 0 0 0 0 0 0 0 0 0 0 0 0 0 0 0 0 0 0 0 0 0 0 0 0 0 0 0 0 0 0 0
0 0 0 0 36 0 24 0 -23 0 0 0 16 0 0 -128 -24 0 17 0 15 0 0 -29 0 0 0 -24 0 0 0 0 16 36 0 -14 63 -16 -15 0 -23 0 0 0 -18 0 0 -19 15 0 26 0 0 0 0 -18 0 0 24 0 0 0 0 0
0 -32 -45 -74 -120 -54 0 0 0 0 0 -43 67 0 -45 -87 52 50 0 0 36 24 0 -48 0 0 0 31 -54 70 0 71 104 84 83 0 127 0 -27 -25 -102 0 0 -35 27 -36 -40 0 89 0 -59 45 0 99 46 -38 -33 0 0 0 0 0 0 -26
0 0 -35 0 19 0 21 -52 16 0 0 23 0 0 20 38 42 0 31 0 -128 0 15 -20 0 -32 -72 0 23 0 0 0 29 27 0 0 0 25 0 -46 -22 92 47 20 0 0 25 19 50 0 -16 -55 15 0 0 24 -22 0 0 0 33 0 -43 50
0 0 0 0 0 0 0 0 0 0 0 0 0 0 0 0 0 0 0 0 0 0 0 0 0 0 0 0 0 0 0 0 0 0 0 0 0 0 0 0 0 0 0 0 0 0 0 0 0 0 0 0 0 0 0 0 0 0 0 0 0 0 0 0
0 43 0 0 -77 0 0 0 -29 0 -35 -124 0 -35 0 0 0 0 31 0 -80 0 0 -82 0 -47 -89 -44 -32 -49 62 37 0 35 0 0 0 0 0 -74 0 -72 0 0 -45 -63 0 0 -36 0 0 -87 0 0 -59 -38 -128 0 -29 0 -66 0 0 -83
0 0 -30 0 0 -37 -20 0 0 0 0 31 18 0 -16 0 -128 0 53 0 0 14 0 -40 0 46 0 0 -19 15 23 17 57 0 0 -29 64 -43 0 -17 -35 0 0 0 18 -22 65 -37 20 -29 18 0 -16 -25 0 0 -19 0 0 0 0 0 16 -27
0 55 -102 79 0 -59 0 0 0 -21 0 63 127 -32 0 0 -59 0 70 0 0 22 0 -57 -48 -20 -64 0 0 -46 -85 0 31 96 34 30 48 -61 -41 -39 -50 -27 0 0 -36 0 -41 35 -120 0 51 29 0 0 0 -40 55 0 0 0 24 0 0 0
0 57 0 21 -26 0 0 36 0 75 0 0 58 31 48 41 27 43 0 0 -23 0 0 0 -56 0 -36 0 -27 0 -22 107 127 -80 22 46 51 -81 0 0 0 0 26 28 0 35 0 81 29 25 0 0 66 0 0 -47 0 0 0 0 0 0 35 0
0 0 51 97 67 46 0 127 0 0 0 29 57 -72 0 -45 -71 0 -63 0 -82 -62 0 110 0 0 0 0 0 -30 -64 0 -95 -77 0 0 -70 -35 39 0 72 -36 -36 0 0 57 0 57 -99 -30 0 -34 59 0 0 83 -110 -37 0 0 0 0 47 -42
0 0 0 0 0 0 0 0 0 0 0 0 0 0 0 0 0 0 0 0 0 0 0 0 0 0 0 0 0 0 0 0 0 0 0 0 0 0 0 0 0 0 0 0 0 0 0 0 0 0 0 0 0 0 0 0 0 0 0 0 0 0 0 0
0 0 0 0 0 0 0 0 0 0 0 0 0 0 0 0 0 0 0 0 0 0 0 0 0 0 0 0 0 0 0 0 0 0 0 0 0 0 0 0 0 0 0 0 0 0 0 0 0 0 0 0 0 0 0 0 0 0 0 0 0 0 0 0
0 -29 0 0 0 0 0 0 0 0 0 0 0 0 0 0 0 0 0 0 27 0 0 0 0 0 0 0 0 -35 43 0 0 0 -29 0 0 0 0 0 0 40 0 0 -33 0 0 127 -35 0 0 0 0 0 0 0 0 0 0 0 0 0 0 0
0 0 75 0 0 42 0 58 0 0 0 -82 -36 0 0 -127 0 0 -36 0 -85 -37 -40 0 0 -80 0 -38 0 -43 0 99 0 0 0 -40 47 0 0 -92 94 -37 0 46 0 0 0 95 0 0 0 35 62 65 36 0 0 0 0 0 0 0 30 -80
0 0 0 0 0 0 -22 0 0 0 0 0 0 -24 0 0 0 0 0 0 0 -128 0 0 31 34 -52 0 0 0 0 0 0 0 0 0 0 0 23 0 0 0 0 0 -22 -28 0 0 0 0 -24 93 0 0 0 0 0 -35 -27 0 0 0 0 29
0 0 -34 0 18 -31 0 0 43 23 -19 33 -16 23 0 0 0 0 41 0 84 0 27 -49 0 0 18 27 23 0 0 -23 38 24 0 -39 63 -74 0 -120 -24 -128 -94 19 19 0 0 49 66 0 68 -23 0 24 0 0 -126 0 0 0 0 0 0 111
0 0 0 -44 0 0 0 0 0 0 0 70 0 0 0 -44 41 0 0 0 0 81 0 0 0 0 0 0 -41 0 0 0 0 0 0 0 0 0 0 119 0 127 88 0 -41 0 -42 106 0 0 0 51 0 0 0 0 54 0 0 0 0 0 -39 123
0 0 0 -33 -29 0 0 -42 0 0 0 0 0 0 0 0 0 0 0 0 0 0 0 0 0 0 -64 0 -33 -43 0 32 0 -40 0 0 0 -120 57 0 0 0 0 0 -27 0 0 127 0 0 0 30 83 33 0 0 0 0 0 0 0 0 0 0
0 0 0 43 0 -11 20 19 0 0 0 0 49 0 0 32 -128 0 43 0 14 0 0 -35 -13 -28 -30 17 -28 0 15 -15 36 17 0 0 37 -16 -18 19 -52 16 -12 0 -16 0 108 0 33 -31 20 0 -18 -34 16 0 -17 0 0 0 24 0 0 -11
0 0 54 -43 0 0 -48 0 0 0 0 0 -87 -50 0 0 0 0 0 0 44 0 0 96 0 52 75 0 0 0 0 -43 -100 -68 0 0 -119 60 0 53 47 0 -70 0 0 0 0 127 -47 0 0 -59 -56 -53 97 0 44 0 0 0 0 0 0 0
0 26 0 -24 0 43 0 89 0 30 0 62 -27 0 0 -44 -33 0 -54 0 66 -59 0 0 0 0 -128 -67 -35 0 -42 21 51 -113 0 0 67 -104 -122 -79 -50 0 32 -35 -70 0 0 87 85 -37 0 77 63 36 70 -41 -20 29 34 0 66 0 0 40
0 0 127 -79 0 65 -97 -61 45 0 0 0 0 0 0 -54 0 0 0 0 0 -86 -86 -72 0 0 103 0 0 0 0 0 -88 -77 -67 0 0 49 -86 0 0 0 -124 0 63 62 0 0 0 0 -73 -62 0 0 53 0 0 73 0 0 0 0 0 0
0 -29 -60 55 0 -71 0 -27 0 0 0 69 77 0 58 95 -128 0 63 0 36 24 0 -65 -68 0 0 25 0 29 0 -112 -106 61 0 -36 -33 0 0 0 -103 0 38 0 -53 79 80 24 62 0 92 0 0 -54 0 -63 -62 0 27 0 -30 0 0 0
0 -69 127 -106 -31 81 -39 -48 0 0 0 0 -121 0 0 -88 122 0 -71 0 0 -47 0 50 57 -34 0 0 0 0 -53 64 -45 -71 0 0 -116 60 0 0 83 44 0 -39 0 0 -78 31 0 0 -37 24 -56 -29 89 32 0 0 0 0 -39 0 0 0
0 0 -66 -39 -37 -89 0 0 0 0 0 94 -29 69 79 94 49 0 75 0 0 0 0 -38 0 -59 -29 89 0 -70 0 -43 35 0 0 35 -39 0 -44 0 -53 0 0 28 0 62 -47 127 63 0 38 -51 -64 0 60 -33 -51 -29 0 0 0 0 0 0
0 0 97 0 -40 -36 -35 41 0 0 0 74 0 39 0 0 0 0 74 0 -87 -38 0 -84 0 0 0 0 0 -48 -43 0 0 0 0 0 37 0 -46 -67 -47 -59 39 0 0 61 39 -45 0 0 0 0 82 0 127 0 -91 69 -34 0 0 0 -44 -67
0 0 0 0 -46 0 0 0 33 0 0 -68 52 -43 0 0 0 0 0 0 46 0 76 -73 0 -93 0 -41 0 49 39 0 0 121 70 -41 57 -65 0 -127 -49 0 -74 0 0 -56 -42 -108 0 39 70 0 -39 42 42 -56 -104 0 0 0 0 0 0 68
0 -58 -67 0 0 59 127 0 0 0 0 53 38 0 0 0 -41 0 0 0 0 0 0 45 0 0 0 0 0 28 -31 -31 0 36 0 0 57 -43 -44 0 -48 0 0 -43 0 0 0 0 37 0 64 0 50 0 0 0 0 35 25 0 50 0 0 29
0 0 66 -41 0 0 0 0 0 0 0 -113 -49 -44 0 0 80 0 49 0 -54 0 0 0 0 0 -36 0 0 0 77 0 0 102 0 0 0 0 0 0 0 -61 0 0 0 -38 63 -69 127 0 0 -128 -42 -39 -43 0 0 0 0 0 0 0 0 -57
0 0 0 35 41 0 0 119 0 0 0 -56 52 0 0 0 54 -33 -38 0 -47 0 0 44 0 35 32 0 0 0 0 0 0 0 0 0 0 48 -86 -84 33 0 127 0 57 35 0 -39 0 0 0 -125 -55 39 56 0 -69 0 -34 0 -42 0 0 0
0 -40 0 0 0 0 38 0 0 0 0 -87 -58 0 0 0 57 0 0 0 -99 65 0 -82 0 0 -48 0 0 0 0 0 0 120 0 0 0 0 0 0 0 0 0 0 0 0 0 -79 75 -50 0 -44 0 0 -103 37 -128 0 0 0 -47 0 0 0
0 0 87 -34 0 82 0 0 31 0 33 36 0 0 0 0 0 0 49 0 39 48 -46 -33 55 28 0 0 0 -33 -55 0 0 -67 0 0 -35 0 33 0 0 0 0 0 0 0 0 127 -34 0 0 0 0 0 0 82 80 37 0 0 26 0 0 0
0 0 0 36 -50 -32 0 85 0 -28 0 -93 56 -53 0 24 -37 0 74 0 -74 0 40 -53 -33 0 94 -65 38 28 23 0 -26 101 -29 0 0 0 46 -63 -76 -49 -61 0 46 85 44 -24 57 41 0 -62 -33 0 71 0 127 0 39 0 0 0 -26 0
0 0 0 -34 0 41 45 30 66 0 0 -47 -51 0 0 0 28 0 0 0 0 0 0 59 46 0 59 36 103 0 0 67 101 -48 55 0 -31 96 32 0 37 0 0 0 127 0 -28 0 0 0 0 43 0 0 0 39 -53 0 0 0 -41 0 0 0
0 0 22 0 0 25 0 -65 0 0 43 21 -18 0 0 0 28 0 0 0 0 44 0 0 -29 -78 0 0 0 0 0 0 0 -57 39 20 0 -127 123 -32 0 0 52 0 0 0 0 -25 -26 0 0 -97 17 34 -29 36 41 0 0 0 0 0 20 -62
0 -26 22 37 117 30 0 0 0 -24 0 0 -34 0 0 0 47 -20 -59 0 0 -36 33 51 36 0 18 0 0 39 -31 -128 -118 -53 0 -24 -71 0 0 0 40 35 -51 -25 0 25 0 0 -57 -22 0 -45 0 -37 0 26 0 0 43 0 -26 0 18 0
0 0 0 0 0 105 127 0 0 -32 0 0 0 0 0 -40 0 31 -91 0 45 0 0 55 0 0 0 0 0 0 0 0 -46 0 0 0 0 0 0 0 0 20 0 -70 -41 0 -27 48 0 0 38 19 0 0 0 0 0 35 69 0 48 0 0 39
0 0 0 0 0 93 127 -14 -9 0 16 34 0 0 0 0 11 17 -70 0 0 0 38 83 26 12 13 20 0 0 10 12 0 -15 26 0 0 0 -9 0 0 20 10 -32 -14 0 0 0 0 -15 30 0 0 0 0 9 -10 22 28 0 24 0 0 0
0 0 59 53 40 65 22 0 0 0 0 -23 -53 -31 0 0 -128 -28 -42 0 -44 0 19 62 23 0 50 0 0 0 0 0 -70 -37 30 -40 -69 18 0 0 71 21 -42 0 0 0 84 31 -54 -32 0 0 0 -61 0 0 18 0 0 0 -26 0 0 0
0 16 79 26 0 -62 -128 -40 0 0 0 -17 0 23 0 -20 26 -17 29 0 0 0 0 44 17 -29 20 0 0 24 0 0 -40 -24 0 0 0 0 23 46 57 33 20 27 0 0 17 0 0 0 -86 -30 16 -25 0 24 -61 0 0 0 0 0 0 0
0 0 0 0 0 0 0 0 0 0 0 0 0 0 0 0 0 0 0 0 0 0 0 0 0 0 0 0 0 0 0 0 0 0 0 0 0 0 0 0 0 0 0 0 0 0 0 -127 0 0 0 0 0 0 0 0 0 0 0 0 0 0 0 0
0 0 0 0 0 70 0 0 0 0 0 0 0 0 0 0 0 0 0 0 -119 0 0 0 0 0 127 0 0 0 0 -59 0 0 0 0 0 0 0 0 0 0 0 0 0 0 0 0 0 0 0 -76 0 0 0 0 0 0 0 0 0 0 0 0
0 0 0 0 0 0 0 0 0 0 0 0 0 0 0 0 0 0 0 0 0 0 0 0 0 0 0 0 0 0 0 0 0 0 0 0 0 0 0 0 0 0 0 0 0 0 0 127 0 0 0 0 0 0 0 0 0 0 0 0 0 0 0 0
0 0 113 0 0 0 0 110 0 0 0 0 77 0 0 0 0 0 0 0 -128 0 0 84 0 0 0 0 0 0 0 0 0 -87 0 0 0 0 0 0 0 0 0 0 0 0 0 107 0 0 0 0 0 0 98 0 0 0 0 0 0 0 0 -107
0 -14 -92 0 0 62 127 0 0 0 0 0 25 -17 0 0 0 12 22 0 0 0 17 0 20 21 0 0 0 14 0 -16 0 75 0 0 33 -13 0 0 -55 0 0 0 0 0 -14 12 15 15 79 0 0 22 14 -27 0 25 0 0 0 0 0 0
0 0 56 0 -37 38 0 0 19 0 39 0 0 0 0 -117 -37 24 -26 0 -35 -29 -26 48 30 0 49 32 -48 35 0 71 0 -101 19 0 127 21 63 38 -57 0 22 -75 83 32 0 -23 -44 0 -60 0 31 0 0 -21 0 0 0 0 -68 0 44 0
0 0 -42 0 45 -68 0 0 33 0 0 112 67 0 -33 -87 -31 41 63 0 76 0 0 -32 0 47 0 -48 0 0 0 0 0 0 0 52 104 77 -50 127 -118 0 -35 -39 0 0 -30 -57 0 0 51 -29 0 48 35 0 66 0 33 0 0 0 30 0
0 0 0 0 0 118 0 0 0 0 0 0 0 0 0 0 0 0 0 0 0 0 0 0 0 111 0 0 0 0 0 0 -124 0 0 0 0 -124 0 -113 0 0 0 0 0 0 0 0 -128 0 0 0 0 0 0 0 0 0 0 0 0 0 0 0
0 0 40 65 37 0 26 -61 68 0 45 -47 0 98 0 -90 0 44 -46 0 117 -48 0 127 0 -42 0 89 -68 82 36 -36 -121 -77 0 0 40 0 -35 93 -62 34 -27 -92 28 51 0 0 0 0 -109 0 0 0 0 0 72 0 127 0 0 0 37 43
0 0 0 48 37 36 75 -68 0 0 35 -102 0 0 0 0 34 0 0 0 -56 0 0 0 -40 -92 106 0 0 0 103 -59 0 82 0 0 0 0 0 0 0 0 0 0 0 0 0 127 0 0 -38 -58 -43 0 0 0 75 0 0 0 0 0 0 -52
0 0 42 34 0 32 0 93 0 35 0 -128 0 0 0 0 0 0 0 0 33 -77 0 0 0 0 -78 0 42 0 0 82 34 0 0 0 0 -77 0 38 0 0 30 0 29 0 30 86 0 0 -41 59 95 0 31 0 -56 0 0 0 0 0 51 0
0 0 0 0 0 0 0 0 0 0 0 0 0 0 0 0 0 0 0 0 0 0 0 0 0 0 0 0 0 0 0 0 0 0 0 0 0 0 0 0 0 0 0 0 0 0 0 0 0 0 0 0 0 0 0 0 0 0 0 0 0 0 0 0
0 0 0 -63 0 0 58 0 0 0 0 0 0 -99 0 0 -95 0 0 0 0 0 -76 -89 0 0 -70 0 -68 0 -53 0 0 0 0 0 0 0 0 0 0 0 0 0 -52 0 0 69 0 -94 50 0 -128 0 63 -52 -81 0 -67 0 0 0 -106 0
0 0 46 0 -37 31 0 -43 0 0 13 -51 -18 -13 0 0 0 0 -13 0 -22 -33 -23 13 12 -31 0 -29 0 -36 21 0 -48 13 0 -15 0 -33 54 97 28 0 -57 0 31 26 13 28 0 -16 -18 0 127 -12 22 12 -18 0 -22 0 -34 0 0 -80
0 0 -128 0 20 0 61 0 0 0 0 0 21 0 0 34 0 0 94 0 0 0 34 -25 0 27 0 0 0 -20 0 -62 0 85 0 0 92 -66 0 0 -64 -38 0 31 0 18 0 0 67 -29 64 0 0 0 -31 0 0 0 0 0 0 0 0 -39
0 0 0 37 0 19 36 58 0 0 0 -124 0 0 0 0 15 0 0 0 -88 0 -42 29 -20 0 40 22 19 -35 0 0 0 44 -44 0 0 0 42 22 47 0 79 35 0 0 23 -28 0 0 -46 -107 33 0 0 29 -128 0 -19 0 0 0 0 -35
0 0 -34 18 22 -40 0 31 0 0 0 64 53 -45 29 30 -23 0 44 0 -33 -27 19 -28 -24 0 42 -38 -28 71 -50 -44 -41 0 0 0 -28 -21 0 -46 -58 86 0 21 0 127 0 0 39 0 55 39 0 0 44 0 -24 0 43 0 -19 0 35 -42
0 -55 -52 -62 -38 -48 0 39 0 0 0 81 0 37 0 40 81 33 30 0 0 24 -27 -48 0 26 0 30 0 25 23 0 0 -37 0 27 34 -39 27 0 -86 -24 0 -47 0 92 -61 0 127 0 0 -27 41 0 0 0 -41 0 0 0 -24 0 0 0
0 0 51 0 0 0 -99 0 0 -53 0 0 0 0 0 0 -55 0 91 0 0 0 0 -128 0 0 -49 0 -76 0 0 -90 -72 109 0 -48 0 -62 0 0 0 0 0 0 0 0 0 -70 0 0 68 0 86 0 0 0 78 45 0 0 0 0 0 0
0 48 -72 78 0 -57 0 0 25 0 0 38 116 0 0 63 31 58 35 0 0 0 0 -60 0 0 -99 -25 0 0 -29 0 37 0 35 24 28 0 0 0 -106 -51 0 0 0 32 0 -49 0 0 35 0 127 -53 25 -41 0 0 0 0 0 0 -59 0
0 0 0 0 16 -11 10 0 -9 0 0 0 0 0 0 0 16 0 -24 0 -13 127 0 0 -33 18 30 8 0 -10 0 0 0 -10 -15 -8 0 0 0 18 -9 -29 32 0 0 0 -10 0 0 0 -9 -90 0 -12 -34 17 0 -20 -12 0 0 0 -12 23
0 0 0 0 0 0 0 0 0 0 0 0 0 0 0 0 0 0 0 0 0 0 0 0 0 0 0 0 0 0 0 0 0 0 0 0 0 0 0 0 0 0 0 0 0 0 0 -128 0 0 0 0 0 0 0 0 0 0 0 0 0 0 0 0
0 0 0 0 0 0 0 0 0 0 0 0 0 0 0 0 0 0 0 0 0 0 0 0 0 0 0 0 0 0 0 0 0 0 0 0 0 0 0 0 0 0 0 0 0 0 0 0 0 0 0 0 0 0 0 0 0 0 0 0 0 0 0 0
0 -29 0 0 85 -38 0 0 27 0 0 28 54 30 0 -56 0 41 0 0 0 -70 40 -60 -34 0 0 31 0 47 42 -78 -62 41 0 0 127 -48 -56 28 -26 57 19 0 -27 0 0 0 0 37 0 -33 63 74 0 -62 -44 28 78 0 -36 0 36 57
0 48 -115 23 25 -82 0 0 0 0 -35 46 85 0 0 0 41 0 112 0 0 0 0 -122 -67 0 -90 0 0 0 -110 0 73 127 0 0 68 -42 0 0 -66 0 0 39 0 0 -41 0 -38 0 74 0 0 0 49 -28 36 0 -23 0 0 0 -31 41
0 12 -24 0 17 0 0 24 0 13 0 -14 0 -18 20 -11 0 0 24 0 58 59 0 -23 -52 -16 35 -29 0 -32 0 -22 0 32 0 0 14 -33 0 -46 13 -128 -11 14 0 0 0 27 14 0 14 -91 0 0 13 0 -11 13 0 0 16 0 13 -16
0 0 0 0 0 0 0 0 0 0 0 0 0 0 0 0 0 0 0 0 0 0 0 0 0 0 0 0 0 0 0 0 0 0 0 0 0 0 0 0 0 0 0 0 0 0 0 127 0 0 0 0 0 0 0 0 0 0 0 0 0 0 0 0
0 -41 -86 -31 -70 -70 0 23 31 0 0 54 51 0 51 127 0 0 62 0 48 28 42 -43 -59 0 0 0 27 0 -33 -96 0 39 0 -39 -52 0 0 -28 -84 0 0 27 -33 123 0 -42 68 33 75 30 0 -31 56 -69 -25 0 0 0 0 0 33 0
0 0 0 0 0 0 0 0 0 0 0 0 0 0 0 0 0 0 0 0 0 0 0 0 0 0 0 0 0 0 0 0 0 0 0 0 0 0 0 0 0 0 0 0 0 0 0 127 0 0 0 0 0 0 0 0 0 0 0 0 0 0 0 0
0 0 -128 0 -33 -57 32 34 -45 0 0 89 0 0 0 0 -35 0 85 0 0 48 0 -97 -76 -37 0 0 -49 35 0 -77 0 104 0 0 65 0 0 36 -117 46 0 0 -84 -49 0 -94 65 0 94 0 0 0 70 -72 36 0 37 0 0 0 0 0
0 0 44 0 39 52 0 47 0 28 0 -59 -72 69 0 -53 0 -30 -40 0 0 -48 0 53 0 0 -57 25 0 -58 0 0 -58 -68 0 0 -39 -63 -34 -128 61 -115 0 0 0 0 69 -110 49 0 -53 0 22 0 27 0 82 0 0 0 0 0 -54 0
0 0 0 0 0 0 0 0 0 0 0 0 0 0 0 0 0 0 0 0 0 0 0 0 0 0 0 0 0 0 0 0 0 0 0 0 0 0 0 0 0 0 0 0 0 0 0 -128 0 0 0 0 0 0 0 0 0 0 0 0 0 0 0 0
0 0 92 0 0 77 0 -29 0 0 0 64 0 0 0 -54 0 0 -71 0 0 -54 0 62 51 0 0 0 0 0 0 41 -33 -128 0 0 -35 -47 -28 0 0 0 -38 0 0 0 0 51 -48 0 -27 0 0 45 0 0 -80 -32 0 0 0 0 28 0
0 37 50 96 32 41 -25 0 0 0 0 63 127 -48 0 0 0 0 -35 0 -72 -30 24 70 37 0 0 0 0 63 -72 30 -45 -80 49 28 -77 62 0 -28 0 54 0 -31 58 61 0 62 -88 0 -31 -42 -46 0 0 65 -39 0 0 0 -53 0 0 -36
0 0 -8 -22 -32 17 -8 -39 0 0 9 45 -9 -13 0 0 -10 0 -19 0 18 0 11 -13 0 -101 -11 0 0 9 0 0 0 -23 19 8 0 -76 127 -37 0 0 -10 0 0 0 0 -26 -12 0 10 -28 -8 -10 9 -15 13 0 0 0 0 0 0 -26
0 -29 16 28 15 -21 0 13 13 0 19 -75 30 26 0 14 0 0 0 0 0 22 -54 -128 0 -19 0 0 -47 0 0 -19 0 31 -32 0 20 0 18 0 -68 0 0 -44 14 0 0 0 0 20 -13 16 -21 0 -45 0 0 14 0 0 -21 0 0 0
0 0 0 0 0 0 0 0 0 0 0 0 0 0 0 0 0 0 0 0 0 0 0 0 0 0 0 0 0 0 0 0 0 0 0 0 0 0 0 0 0 0 0 0 0 0 0 0 0 0 0 0 0 0 0 0 0 0 0 0 0 0 0 0
0 0 -45 0 24 -31 18 -40 0 17 -12 0 -27 0 0 0 0 0 39 0 -128 13 0 -42 0 23 -15 -18 -17 -16 0 -21 27 34 0 -25 38 11 0 56 -35 96 -31 0 0 0 0 -83 40 0 31 18 -36 0 -15 -19 0 0 0 0 0 0 49 -86
0 0 -53 41 46 -24 19 86 0 0 0 -51 53 0 0 -48 102 0 104 0 23 31 0 0 24 26 -57 29 -64 0 -52 -97 -21 98 -24 0 38 0 47 -27 -72 -25 0 0 0 33 -94 -24 32 -37 111 0 0 -128 0 0 0 0 0 0 0 0 18 0
0 0 0 0 0 0 0 0 0 0 0 0 0 0 0 0 0 0 0 0 0 0 0 0 0 0 0 0 0 0 0 0 0 0 0 0 0 0 0 0 0 0 0 0 0 0 0 0 0 0 0 0 0 0 0 0 0 0 0 0 0 0 0 0
0 0 -66 0 127 -35 0 0 -23 0 -20 63 0 -14 0 34 0 0 55 0 0 -14 0 -60 -26 0 -27 -18 56 0 -65 39 97 34 -23 -17 28 -39 0 0 32 0 0 55 0 0 13 32 13 0 97 -40 0 -24 38 -27 0 19 -16 0 37 0 0 0
0 0 0 0 0 0 0 0 0 0 0 0 0 0 0 0 0 0 0 0 0 0 0 0 0 0 0 0 0 0 0 0 0 0 0 0 0 0 0 0 0 0 0 0 0 0 0 0 0 0 0 0 0 0 0 0 0 0 0 0 0 0 0 0
0 0 0 0 0 0 0 0 0 0 0 0 0 0 0 0 0 0 0 0 0 0 0 0 0 0 0 0 0 0 0 0 0 0 0 0 0 0 0 0 0 0 0 0 0 0 0 127 0 0 0 0 0 0 0 0 0 0 0 0 0 0 0 0
0 0 -28 25 50 -32 34 0 0 -30 0 0 57 -22 0 0 0 21 46 0 41 0 0 0 0 0 91 -21 -32 -31 0 -25 -32 61 0 0 0 127 -42 0 -49 -88 -36 0 55 56 0 73 44 0 0 -40 -75 0 85 0 -71 0 0 0 0 0 -31 -32
0 0 0 49 0 0 47 0 0 0 0 -66 70 0 0 0 0 0 40 0 -39 0 0 -52 0 -46 -56 -50 -39 0 -46 0 0 127 0 0 0 0 -40 0 0 0 0 0 0 -36 0 -50 -55 0 0 0 0 -32 -34 0 -86 0 0 0 -55 0 0 -63
0 -69 0 -70 -49 0 0 0 0 0 0 65 26 0 23 -76 -99 0 0 0 0 27 -58 0 0 -44 -95 0 -94 -77 47 -46 -69 -36 -57 0 -24 -86 -31 0 -128 34 56 -74 -42 0 0 -38 -49 -103 -66 0 0 -47 110 0 0 0 0 0 0 0 0 53
0 39 -57 0 115 0 25 0 0 0 26 34 0 72 -22 -66 -33 -23 37 0 -21 0 -68 -128 -32 0 57 -45 -59 0 61 -74 -21 65 -34 -24 81 -37 -33 0 24 0 0 41 -27 0 0 -78 0 -37 43 0 59 108 -77 -33 -45 42 76 0 -21 0 48 22
0 -26 -22 0 0 -36 25 53 0 50 0 29 -26 0 0 0 -50 56 59 0 -88 0 0 -52 -45 54 0 0 -59 -26 53 0 43 0 0 0 83 -31 0 48 -76 37 0 0 0 0 0 -25 120 0 49 49 0 0 0 0 0 25 27 0 0 0 127 -32
0 0 99 0 0 78 0 0 0 0 0 0 -92 0 0 -88 0 0 0 0 -127 0 0 91 0 0 0 0 -63 -65 0 0 -117 0 0 0 -110 0 0 0 117 0 -58 0 0 0 0 0 -126 -76 0 0 0 0 0 0 0 0 0 0 0 0 0 0
0 0 0 0 0 0 0 -128 0 0 0 0 47 0 0 0 56 0 0 0 77 0 0 0 0 -120 87 96 0 89 0 0 80 53 0 0 48 -79 67 0 -60 0 -64 0 49 0 0 80 0 0 0 0 -84 47 0 0 0 0 0 0 0 0 0 123
0 -21 0 -46 18 0 -39 25 0 0 0 127 0 0 0 0 -32 0 0 0 -40 -16 0 0 0 104 0 0 17 -24 0 -46 -36 -47 0 0 -39 0 23 24 -30 -52 -53 0 27 0 -40 0 -22 -23 72 -58 -28 0 77 0 -70 0 18 0 0 0 0 42
0 0 0 0 0 0 0 0 0 0 0 0 0 0 0 0 0 0 0 0 0 0 0 0 0 0 0 0 0 0 0 0 0 0 0 0 0 0 0 0 0 0 0 0 0 0 0 0 0 0 0 0 0 0 0 0 0 0 0 0 0 0 0 0
0 -47 -96 -70 0 -48 0 36 -21 0 -26 22 -44 0 0 0 102 0 97 0 0 38 -44 -77 -31 0 -74 0 32 0 -46 71 109 85 0 26 28 0 26 -44 -38 0 0 24 0 0 0 41 127 0 63 21 0 -27 40 -38 35 0 0 0 0 0 0 0
0 0 57 26 -36 35 0 95 0 47 25 -78 0 0 26 -24 0 0 -38 0 -53 0 0 0 0 42 -25 0 -22 -27 0 0 -83 0 -33 0 23 -114 0 -41 0 -22 69 -41 21 36 32 35 33 -24 -47 0 95 0 22 0 -127 24 0 0 0 0 38 0
0 0 -23 0 18 -19 0 -47 0 0 0 0 20 0 0 14 22 0 31 0 0 -14 0 -13 -13 0 127 0 0 0 25 -16 0 60 13 -14 22 58 20 -35 -32 -41 -32 0 28 28 0 0 31 0 0 -28 -52 0 16 -17 -82 0 0 0 -17 0 -12 12
0 -25 33 0 43 46 0 -56 65 38 0 0 -97 55 0 122 0 0 -26 0 -61 0 0 49 0 -37 32 33 78 0 62 26 0 -117 -33 0 -108 60 28 28 55 0 -32 0 28 58 30 0 63 39 -42 -29 -25 -41 0 48 127 0 0 0 -47 0 26 0
0 0 -93 -36 -39 -82 37 0 0 0 0 0 51 0 0 68 0 0 78 0 0 46 0 -99 -31 33 0 -26 -29 0 43 -41 0 101 0 0 82 -121 -118 -48 -52 0 0 38 0 0 -37 -38 0 -30 0 57 -39 127 -43 -25 0 0 -30 0 30 0 24 0
0 0 0 0 0 0 0 0 0 0 0 0 0 0 0 0 0 0 0 0 0 0 0 0 0 0 0 0 0 0 0 0 0 0 0 0 0 0 0 0 0 0 0 0 0 0 0 -128 0 0 0 0 0 0 0 0 0 0 0 0 0 0 0 0
0 0 0 38 -68 -91 0 0 0 0 0 -48 44 0 -58 0 -67 0 79 0 -60 127 -40 -53 0 -91 0 0 40 -64 0 0 40 107 0 0 0 -64 54 -104 0 -66 -80 0 0 0 -62 0 -51 43 36 -125 -49 61 -77 0 100 -62 0 0 36 0 115 -74
0 0 0 0 0 -34 0 -84 0 0 0 0 34 0 0 43 0 0 0 0 0 -38 0 0 0 85 0 37 0 0 0 0 0 0 0 0 -50 78 -46 72 0 73 0 0 0 0 0 127 -45 0 0 0 0 0 0 0 0 0 0 0 0 0 0 -44
0 0 62 0 -26 99 -27 0 0 0 0 -32 -31 0 0 -51 0 0 -43 0 0 0 0 127 32 0 24 0 0 0 0 57 -31 -49 0 0 -40 25 0 45 82 0 46 0 0 0 0 -57 -52 0 -45 0 0 0 -29 0 0 0 -26 0 0 0 0 0
0 61 0 0 0 0 0 -51 0 0 -34 0 0 0 0 0 0 0 42 0 0 0 61 72 0 0 127 0 35 0 0 0 0 0 41 0 0 52 -45 0 52 0 -50 67 57 45 0 0 0 0 0 0 0 31 0 0 0 74 0 0 0 0 -32 0
0 0 -17 0 30 -30 0 0 0 0 0 28 33 34 43 0 16 22 0 0 127 15 21 0 0 0 0 39 -30 0 0 -40 0 0 0 0 0 -19 -24 0 -45 -75 -40 0 0 59 0 0 44 0 26 -32 0 0 0 -33 -29 0 39 0 -14 0 0 0
0 0 0 0 0 0 0 0 0 0 0 0 0 0 0 0 0 0 0 0 0 0 0 0 0 0 0 0 0 0 0 0 0 0 0 0 0 0 0 0 0 0 0 0 0 0 0 -128 0 0 0 0 0 0 0 0 0 0 0 0 0 0 0 0
0 -32 39 0 95 -39 0 0 50 0 0 -47 0 0 0 -62 75 0 76 0 -59 -52 -57 -128 -32 0 0 0 0 -33 0 -98 -83 77 -53 0 72 0 0 0 -25 -50 0 0 26 28 0 0 54 0 0 -30 0 0 30 0 0 0 25 0 0 0 0 -45
0 0 0 0 0 0 0 0 0 0 0 0 0 0 0 0 0 0 0 0 0 0 0 0 0 0 0 0 0 0 0 0 0 0 0 0 0 0 0 0 0 0 0 0 0 0 0 127 0 0 0 0 0 0 0 0 0 0 0 0 0 0 0 0
0 0 0 0 0 0 0 0 0 0 0 0 0 0 0 -128 0 0 0 0 0 0 0 -119 0 0 0 0 0 0 0 0 0 0 0 0 0 0 0 0 0 0 0 0 0 0 0 0 0 0 0 0 0 0 0 0 0 0 0 0 0 0 0 0
0 0 0 0 22 0 0 0 0 0 0 -21 -23 0 0 0 0 0 0 0 83 0 0 -20 0 0 -32 0 0 0 0 -28 -26 0 0 0 0 0 0 76 0 38 0 0 -20 0 0 127 0 0 0 -48 0 0 -51 0 0 0 0 0 0 0 0 51
0 25 -88 0 -10 -16 31 14 0 18 0 23 0 0 0 16 0 0 36 0 -9 8 91 127 -11 11 0 10 0 -11 10 -22 24 35 15 0 33 0 0 -9 -24 -10 0 39 0 0 -12 0 25 -16 42 0 0 0 0 -14 0 -33 0 0 0 0 0 -9
0 0 55 0 127 0 0 53 0 0 0 0 0 0 0 0 0 0 0 0 0 0 0 -103 -46 0 -61 0 0 0 0 0 -79 0 0 -46 0 -98 -81 0 61 78 79 0 0 0 98 0 77 0 49 -58 66 0 0 0 -82 0 64 0 0 0 0 0
0 -21 64 -28 -94 22 0 -32 0 0 -15 67 0 0 0 127 -49 0 -26 0 24 0 0 35 0 0 20 0 43 0 0 77 20 -74 0 -25 -99 42 -14 -15 59 49 0 0 0 0 44 0 -49 33 -70 0 -43 79 22 55 20 0 -20 0 20 0 -26 -19
0 0 23 0 0 39 0 43 0 30 16 -31 -17 32 0 45 -16 -13 -37 0 43 41 27 -64 -20 0 -88 0 56 38 0 48 60 49 15 0 -37 0 0 14 127 -12 27 47 0 0 15 -20 0 55 78 0 39 0 -79 0 -15 0 0 0 21 0 39 17
0 0 0 0 0 -72 0 0 0 0 0 -57 102 122 0 77 59 115 -113 0 107 -119 61 0 0 -127 -97 75 0 87 100 0 89 -83 0 93 74 0 -118 97 -128 66 0 -63 0 0 0 0 106 72 -69 -73 0 57 0 -99 0 0 115 0 0 0 122 91
0 -35 54 0 36 27 28 -32 0 0 0 -53 0 82 0 0 39 0 0 0 -63 -59 -63 51 33 0 104 45 -37 -75 -39 0 0 0 -36 -29 0 0 -29 -70 40 -69 -43 20 22 37 51 -127 -48 0 -93 20 0 0 49 60 50 0 0 0 0 0 -23 -28
0 0 0 0 0 0 0 0 0 0 0 0 0 0 0 0 0 0 0 0 0 0 0 0 0 0 0 0 0 0 0 0 0 0 0 0 0 0 0 0 0 0 0 0 0 0 0 -127 0 0 0 0 0 0 0 0 0 0 0 0 0 0 0 0
0 0 0 0 90 0 0 0 82 0 0 0 0 0 0 127 0 0 0 0 0 0 81 0 0 0 0 0 72 0 0 72 0 -80 0 0 -115 0 0 0 78 0 0 0 0 112 0 0 0 0 0 0 0 0 0 0 81 0 0 0 0 0 0 0
0 0 88 0 0 55 59 0 0 0 0 0 0 0 0 0 -52 0 -78 0 127 70 0 -71 0 0 0 0 0 0 0 0 0 0 0 0 0 0 0 0 0 0 0 -53 0 0 0 115 0 0 62 -50 0 0 0 0 0 0 0 0 0 0 0 60
0 0 53 0 -81 0 0 -66 0 0 0 71 0 -59 0 0 -44 0 0 0 66 0 41 -39 0 127 -53 -58 31 -33 0 0 0 0 0 0 -43 0 -120 -86 -47 0 -86 0 0 0 31 75 0 0 -35 0 -92 0 86 0 70 0 0 0 0 0 -36 -38
0 0 0 0 0 0 0 0 0 0 0 113 0 0 0 0 0 0 0 0 0 0 0 0 0 0 0 0 0 0 0 0 0 -100 0 0 0 0 0 0 0 0 0 0 0 0 0 0 0 0 0 0 0 0 127 0 0 0 0 0 0 0 0 92
0 0 0 0 0 0 0 0 0 0 0 0 0 0 0 0 0 0 0 0 0 0 0 0 0 0 0 0 0 0 0 0 0 0 0 0 0 0 0 0 0 0 0 0 0 0 0 127 0 0 0 0 0 0 0 0 0 0 0 0 0 0 0 0
0 0 47 0 13 48 0 0 22 0 0 12 0 16 15 0 29 0 -20 0 89 -34 0 42 -14 52 43 14 0 -41 0 -17 -33 -36 0 -34 -21 -23 19 0 41 -127 -102 -12 18 21 19 0 -28 -21 0 -29 99 0 13 50 40 0 0 0 -26 0 -30 -26
0 -118 127 -116 -80 88 0 -82 0 30 0 -48 -122 32 0 -70 0 0 -78 0 0 0 0 101 32 -53 69 0 0 0 116 95 -46 -91 0 0 -73 99 0 0 43 38 0 -34 49 0 32 27 81 0 -114 54 -90 0 0 51 0 0 0 0 -64 0 0 -41
0 0 -33 0 0 -62 0 0 -33 36 0 0 40 43 62 127 0 0 0 0 0 0 0 -55 -57 0 0 0 -39 0 0 -39 0 0 0 0 -33 0 -40 48 -94 52 0 0 -59 55 0 0 80 0 0 -54 0 -57 52 -56 -40 0 0 0 0 0 44 0
0 0 0 0 0 0 0 0 0 0 0 0 0 0 0 0 0 0 0 0 0 0 0 0 0 0 0 0 0 0 0 0 0 0 0 0 0 0 0 0 0 0 0 0 0 0 0 0 0 0 0 0 0 0 0 0 0 0 0 0 0 0 0 0
0 -22 0 22 -30 0 0 127 0 0 0 -59 22 0 0 0 -26 0 0 0 -50 0 0 0 25 -31 0 0 0 -32 0 0 0 0 0 0 26 -41 22 -20 0 -73 0 0 0 35 0 36 22 0 0 26 20 25 20 0 -30 0 0 0 0 0 68 -66
0 0 39 -39 -39 0 0 0 62 0 0 74 0 0 0 0 0 0 -33 0 0 -31 0 31 31 0 64 28 32 37 0 54 95 -86 0 27 36 0 46 0 0 0 0 0 127 0 -26 -41 0 28 0 -54 0 33 0 0 -32 0 -29 0 0 0 36 -38
0 0 17 0 0 24 23 0 0 0 34 -69 22 21 0 18 49 0 0 0 0 -23 0 23 38 -128 -27 39 29 0 0 25 33 0 25 16 29 -87 0 30 24 24 17 0 0 0 17 -52 -33 0 -54 0 33 25 0 0 -54 0 -18 0 0 0 18 -111
0 -63 109 0 -28 122 66 0 0 41 0 0 -90 0 53 0 -72 0 -128 0 0 0 0 61 35 0 37 -33 -66 0 0 0 -66 -103 0 -61 -107 0 0 44 29 38 0 -90 -61 0 95 -28 0 -62 -51 50 -32 -40 45 0 -99 28 28 0 0 0 35 -38
0 0 -128 0 -86 -42 0 31 0 0 0 105 0 0 0 0 -63 0 109 0 43 40 42 -50 -39 0 -34 0 0 0 0 -49 38 94 0 0 71 0 0 0 -105 43 0 0 -50 -51 0 -89 58 0 98 0 0 0 69 -53 45 0 0 0 0 0 0 36
0 0 127 -46 -54 30 -15 -41 0 0 -16 45 -37 -34 0 -20 -23 0 -71 0 0 0 -49 0 0 -19 -23 0 0 0 -23 49 0 -57 0 0 -117 60 0 0 23 15 0 -24 0 -21 0 25 -57 0 -16 0 -31 -16 65 0 0 -21 -41 0 17 0 -15 0
0 0 0 0 0 0 0 0 0 0 0 0 0 0 0 0 0 0 0 0 0 0 0 0 0 0 0 0 0 0 0 0 0 0 0 0 0 0 0 0 0 0 0 0 0 0 0 -127 0 0 0 0 0 0 0 0 0 0 0 0 0 0 0 0
0 0 59 42 28 55 0 -21 -15 0 0 -19 -55 0 -22 -49 -128 0 -47 0 0 0 0 65 16 -15 0 12 13 0 18 53 -17 -53 26 0 0 77 38 0 34 0 0 -25 35 0 94 -20 -33 -18 0 0 -16 -59 0 16 0 0 0 0 -53 0 -31 0
0 0 0 27 0 -62 0 72 0 0 0 -47 24 -52 0 0 0 29 30 0 -49 0 0 0 -23 -43 0 -65 0 -84 0 0 -34 34 0 43 0 64 0 -55 -62 0 -66 0 0 26 0 -102 27 38 29 0 41 0 60 0 99 32 0 0 0 0 35 -128
