0 18 -11 -12 39 0 -8 -24 25 -11 0 17 -12 0 0 36 -53 31 -95 -21 -75 0 -59 -66 21 -51 -35 33 18 -13 30 9 53 -88 -15 -28 -9 0 0 30 67 -12 24 -98 -27 0 -44 -21 35 0 17 53 -27 48 36 25 21 20 -34 16 20 45 -128 -67
59 0 14 17 -28 -23 0 -87 -84 44 11 0 0 0 20 -39 0 -19 -61 -14 -119 -28 -101 0 56 0 0 13 0 0 40 0 29 -128 -18 -16 0 43 -13 14 0 14 0 -25 30 11 -23 39 17 -50 -11 25 11 35 0 0 17 0 15 0 22 41 -43 -69
-14 0 0 -31 22 127 28 0 -19 -21 0 0 -15 0 0 -24 21 0 0 21 17 -47 16 15 -22 0 15 0 0 0 -32 0 60 0 0 17 43 -33 -21 16 34 0 0 0 -29 0 0 28 0 -28 0 -38 0 -28 -17 0 0 0 75 0 26 53 57 -34
0 12 -15 10 11 -64 -61 0 10 16 -14 0 0 0 0 0 19 12 0 0 0 0 -7 0 15 -14 -10 -15 0 -15 12 0 -50 -8 -8 0 26 0 -13 8 0 0 0 -32 17 -25 11 7 0 22 0 0 11 0 -8 0 15 0 -23 0 32 -128 0 27
26 -10 23 26 -16 35 0 10 0 15 -91 -17 -50 0 0 0 -44 0 13 31 41 0 40 27 0 41 -17 0 -17 0 -66 0 0 21 0 0 29 0 -9 0 -128 11 -15 85 24 62 0 0 -26 23 0 -34 0 -37 -25 -40 -36 -15 16 0 -43 0 0 20
0 -45 0 24 0 0 18 19 -19 0 -51 13 -50 0 -128 0 -24 0 0 -29 0 0 0 -23 7 11 15 -11 0 -16 -30 0 65 17 -9 -41 0 0 0 0 -35 -44 0 41 -11 80 -15 0 0 -9 0 0 10 -8 0 -18 -18 0 0 0 -14 0 -25 0
-61 12 0 -39 80 -40 27 0 77 -65 16 -11 16 0 0 12 -18 49 -48 29 12 30 13 11 -15 16 -29 17 0 0 16 0 -23 0 15 20 0 -41 -44 -22 -32 0 0 -18 -13 49 15 -128 0 16 40 56 24 -70 55 -55 22 0 -14 0 -73 50 0 -16
0 0 0 0 0 0 0 0 0 0 0 0 0 0 0 0 0 0 0 0 0 0 0 0 0 0 0 0 0 0 0 0 0 0 0 0 0 0 0 0 0 0 0 0 0 0 0 0 0 0 0 0 0 0 0 0 0 0 0 0 0 0 0 0
27 0 0 -18 42 -29 0 -35 0 127 -20 -15 0 0 0 0 26 -32 0 0 0 0 -14 23 0 17 0 -37 20 0 0 0 23 25 0 0 -48 46 50 -31 26 -14 20 26 -16 22 0 -26 27 0 0 70 0 -15 -43 -26 14 0 0 25 0 -18 41 17
0 0 0 -65 0 -31 30 48 0 -45 37 -21 61 0 105 37 0 51 0 0 0 0 0 0 0 -75 -35 0 -41 0 -78 0 -128 -34 0 0 -73 -65 0 -21 -26 61 0 -44 0 -84 38 0 0 50 48 -19 0 72 -18 -68 17 0 24 0 -69 27 0 21
10 11 0 0 0 0 0 28 -10 19 -11 7 14 0 -8 -92 0 0 11 0 0 0 0 0 -128 31 19 -31 -10 0 0 0 0 0 0 0 31 0 28 -15 -18 -9 9 0 -7 0 13 0 0 -93 0 10 0 -64 -12 -9 0 0 13 0 22 18 -17 -28
0 0 0 66 40 0 44 54 60 23 77 47 0 0 0 127 0 27 48 41 119 0 81 0 69 0 54 103 49 62 0 0 73 36 53 62 29 86 0 105 0 73 42 92 38 76 33 61 94 104 0 58 84 44 0 28 26 0 82 32 -29 29 82 108
-128 11 0 0 0 13 -10 0 14 -80 18 0 0 0 -20 35 -63 -61 -10 -9 13 -39 15 0 25 -36 0 14 0 0 -16 0 -13 0 0 0 0 0 -10 31 0 20 0 27 11 9 0 15 0 41 -33 0 18 20 -48 0 0 0 11 -11 0 25 26 31
44 0 16 18 -24 -29 31 67 0 -35 46 0 28 0 0 0 45 54 15 16 -54 113 -17 17 0 0 56 -127 0 0 -55 0 -39 -12 0 0 -63 54 30 0 -27 37 0 -42 0 0 26 -50 0 -128 68 19 0 -89 0 40 14 0 -28 18 -39 -39 -41 -119
0 13 11 0 17 25 -43 18 67 18 16 0 -45 0 0 31 17 -30 19 0 0 30 -28 0 -60 -126 -24 12 0 0 -19 0 -45 0 0 0 -128 -55 0 24 -49 18 0 -19 -15 -11 14 35 0 0 -12 0 -31 20 56 101 0 0 48 0 74 -104 -51 -16
39 0 -25 0 -128 0 13 0 -62 0 24 0 0 0 0 87 0 38 -34 0 28 12 23 0 18 39 0 -43 0 0 -38 0 -18 -13 0 0 -12 0 -18 45 0 0 0 0 33 0 29 -22 0 0 -41 52 20 -29 52 72 0 0 -31 0 -71 0 -26 0
4 0 0 0 0 -128 -11 0 0 0 -5 5 -11 0 0 0 0 0 9 0 0 0 0 0 -11 -9 4 10 0 3 3 0 -5 0 0 0 16 0 7 0 -6 0 5 0 0 -6 11 -11 5 0 4 6 4 0 -5 -12 5 0 0 0 -39 -28 -5 12
0 38 0 0 65 0 55 70 103 0 127 60 108 0 0 111 84 102 56 60 33 83 60 0 78 -61 73 91 34 85 0 0 40 -41 74 109 -99 0 34 105 81 73 71 0 0 -49 55 0 98 118 103 0 78 113 47 0 42 0 98 48 86 34 95 84
-16 0 0 13 -8 -31 -65 8 0 8 12 0 -22 0 7 14 7 -61 -7 8 0 0 0 12 0 -22 -20 17 0 0 7 0 0 17 0 0 -14 12 0 0 -7 13 0 17 0 14 -37 0 7 0 -40 0 0 11 -42 -16 0 0 0 0 -29 -127 0 0
-8 0 -7 -128 0 28 0 0 0 28 -34 13 9 0 0 -14 0 0 0 0 11 0 28 0 -20 0 9 -54 0 0 -35 0 0 17 0 0 25 -7 -8 -17 -12 -14 0 10 0 0 10 -126 0 -8 10 -48 0 -41 0 -7 0 0 0 0 10 0 24 0
0 0 0 -12 33 58 -128 16 33 -13 0 0 -16 0 -9 0 0 -88 -51 0 18 18 11 0 18 0 -71 0 0 0 0 0 0 -42 0 10 36 0 0 22 -13 0 0 0 0 16 -56 0 15 -35 0 0 0 0 -15 28 10 0 14 0 30 -119 26 -68
44 0 8 27 0 36 -8 -14 0 56 -16 0 0 0 -20 -106 12 9 -29 0 -53 12 -46 0 -27 55 -28 -97 0 0 45 0 21 -8 0 0 52 11 -29 -128 25 0 8 11 12 0 -20 0 12 -74 8 23 15 -54 33 16 0 0 13 0 35 -11 21 -72
57 0 15 0 -32 10 27 0 -128 16 36 0 0 0 0 -16 20 -112 -22 0 40 -47 56 0 0 -47 15 0 -9 0 -43 0 0 -19 0 0 0 -11 22 -22 0 0 11 26 0 13 38 0 0 -21 -28 -10 -23 0 -127 46 0 9 25 0 53 27 0 17
0 0 0 0 0 0 0 0 0 0 0 0 0 0 0 0 0 0 0 0 0 0 0 0 0 0 0 0 0 0 0 0 0 0 0 0 0 0 0 0 0 0 0 0 0 0 0 0 0 0 0 0 0 0 0 0 0 0 0 0 0 0 0 0
0 0 0 7 -4 0 5 0 0 0 0 4 -15 0 5 4 4 7 17 0 -5 0 0 0 -16 -28 -8 8 0 3 -7 0 0 0 4 0 -127 0 6 0 0 4 6 0 4 -8 16 0 0 14 0 14 0 4 0 -56 0 0 0 0 -31 -26 0 11
-7 0 -5 -22 -12 -12 13 20 0 14 -19 0 0 0 6 -107 -12 -19 32 0 -17 16 0 -8 31 -23 17 -11 0 0 22 0 -7 15 0 0 -6 -15 14 -128 28 -10 0 0 7 13 29 37 0 0 -22 0 0 -6 -19 0 0 0 0 -8 9 9 0 6
-62 11 0 -128 -28 0 0 -13 -20 22 9 7 -9 0 0 0 0 -9 19 10 0 -27 -10 0 14 -26 0 0 -7 0 -89 0 -8 9 0 0 7 0 -35 18 0 13 8 11 0 0 17 -13 0 0 -17 -79 0 0 -44 22 12 0 0 0 0 15 15 0
0 0 0 0 0 0 0 0 0 0 0 0 0 0 0 0 0 0 0 0 0 0 0 0 0 0 0 0 0 0 0 0 0 0 0 0 0 0 0 0 0 0 0 0 0 0 0 0 0 0 0 0 0 0 0 0 0 0 0 0 0 0 0 0
0 0 0 70 -52 72 50 0 0 0 33 0 0 0 0 -61 0 25 57 -35 0 0 0 22 -92 0 -80 0 -35 23 -28 0 -105 0 0 0 -80 -128 0 -42 -63 24 0 -47 0 0 0 48 0 0 -48 -45 25 0 0 -111 0 0 30 0 0 0 0 0
-58 0 0 -127 0 7 9 -12 15 35 33 -18 11 0 10 21 0 0 0 -11 18 22 0 0 11 -61 0 37 0 -9 -26 0 -41 -9 -10 -10 0 0 -41 27 10 34 0 0 0 -7 -7 -60 0 12 -7 -45 -14 11 0 8 12 0 -14 8 0 0 0 -7
0 -5 10 18 0 12 6 0 7 5 -26 8 -9 0 -128 7 16 -9 11 9 0 -7 7 11 6 19 0 -6 0 0 0 0 -8 0 8 18 0 0 8 6 -34 -80 7 7 0 -13 14 15 -13 0 -7 11 0 -10 0 0 -18 0 0 -11 8 -11 54 9
45 0 0 127 -33 -47 0 0 0 0 0 -18 0 0 0 -54 29 0 0 14 0 30 0 0 -47 37 0 0 0 0 69 0 57 0 0 0 -39 -17 0 0 34 0 0 0 0 0 22 76 0 -34 -60 34 58 -23 0 0 0 0 41 0 0 0 21 0
-128 20 -36 0 0 -106 0 41 0 -28 21 45 0 0 62 69 -27 0 78 0 0 0 30 0 0 -20 0 49 0 0 -36 0 -32 24 0 0 27 93 0 64 0 0 43 -20 0 0 0 -23 55 37 0 42 0 24 -50 0 0 0 0 0 0 -47 -20 0
-21 -14 45 28 0 22 -15 -13 0 29 13 0 0 0 -26 0 17 0 0 -32 -19 -13 0 0 12 0 0 0 0 0 0 0 -33 -29 0 15 0 16 10 0 -32 -12 0 -28 77 -12 -19 0 0 0 0 20 86 0 0 -19 -31 0 127 0 12 0 22 0
-41 -8 0 -46 9 -9 0 0 0 0 66 13 36 0 -21 0 37 13 0 -10 9 0 0 -16 0 -18 0 11 0 0 65 0 -122 0 19 0 0 18 0 0 78 -102 14 -118 -16 -128 -16 0 0 0 0 23 0 0 0 0 0 0 -8 -11 11 0 92 0
-105 10 0 11 0 44 8 -57 8 -33 0 0 0 0 13 0 -10 0 0 11 0 -68 0 18 -19 0 0 -87 8 0 0 0 -13 0 0 9 12 -17 -87 -9 -11 0 0 0 0 18 0 -122 17 0 0 11 0 -128 0 0 0 0 0 0 15 0 26 14
0 -8 7 6 0 6 0 0 0 7 -16 0 0 0 -128 0 0 -6 -5 9 6 0 5 -20 0 -19 -6 0 0 0 13 0 43 5 7 8 0 12 -12 8 34 -71 0 -43 0 -20 9 0 0 0 -5 -5 0 0 0 0 5 6 0 0 -8 0 0 0
-14 7 0 31 15 -8 -15 -128 0 24 0 0 0 0 0 11 0 18 26 0 -39 -65 -45 0 8 6 -13 0 0 0 11 0 5 0 -5 0 -8 32 -91 16 8 0 5 0 0 8 0 13 0 21 15 -15 0 -53 12 -22 0 0 5 0 -7 -9 9 21
0 13 0 28 -17 127 -80 0 0 24 18 0 -31 0 0 -61 0 -68 0 0 0 0 0 0 -77 -17 -18 -16 0 0 -21 0 25 -15 -18 0 -96 29 14 -35 29 0 0 16 -13 -13 -101 21 12 -21 -15 16 0 -12 -110 -127 13 0 17 0 -20 0 31 -18
0 -13 7 22 -14 21 -32 16 0 29 0 0 16 0 15 -34 22 -8 103 -8 39 0 18 0 -31 17 -25 -48 9 -10 6 0 25 127 -22 -19 35 15 -32 -43 33 11 7 0 0 12 16 17 10 -9 0 -31 15 -48 -22 -19 0 0 17 8 -11 -43 10 59
22 10 0 -37 12 10 -10 6 14 -9 -8 0 5 0 0 5 6 15 -9 9 10 -11 -14 0 12 0 -7 5 -16 5 -35 0 5 0 5 0 8 -52 -39 10 0 -9 0 -9 0 0 -9 5 0 13 17 -128 0 24 19 10 8 0 0 0 0 -8 -21 0
0 -21 0 0 -21 -28 19 0 15 0 -127 24 56 0 -45 -20 18 22 0 -64 27 0 29 0 0 0 -16 -14 0 -29 -15 0 -44 0 -31 61 52 37 0 -21 -57 46 0 -15 24 -21 36 0 0 0 0 0 51 0 24 38 -31 -21 22 0 -67 16 0 0
31 0 0 27 32 37 0 -76 0 14 0 0 0 0 0 0 -16 -31 -95 0 -128 -43 -104 32 34 52 -64 20 0 0 39 0 -61 -124 -43 -30 -18 0 0 41 -91 25 0 33 0 17 -28 29 0 -35 -24 53 22 0 31 43 -18 0 0 0 20 15 29 -106
-62 -39 0 56 35 20 28 41 48 -128 0 -30 32 0 0 0 -101 0 0 -37 0 -75 15 -31 -54 0 0 0 -21 0 0 0 -37 -27 -26 -45 24 -66 72 0 -34 0 -20 -56 0 -35 0 31 -46 -38 0 55 28 -22 37 0 0 0 17 -35 24 0 -47 -41
0 0 0 0 19 32 -110 0 31 0 6 0 0 0 0 16 9 0 -39 0 20 0 0 0 24 15 -97 6 0 0 0 0 0 27 0 0 26 8 -34 10 13 0 6 0 0 0 -127 0 0 0 16 -25 0 8 0 -39 0 0 0 0 -26 -26 6 0
12 0 -7 0 -7 0 11 -6 0 10 0 0 -6 0 0 -16 0 14 -9 0 7 8 0 0 0 6 -102 0 0 0 6 0 18 7 0 0 16 8 7 -40 0 0 0 9 -7 -6 -26 0 0 0 0 0 -7 0 -28 -98 10 0 0 0 -128 15 0 -7
-62 78 0 0 0 0 -58 47 0 0 -27 46 0 0 -49 0 0 0 0 71 0 0 0 -90 -74 -46 -45 -67 0 0 0 0 0 0 0 0 -51 0 -43 0 -103 0 54 -71 0 55 35 -128 42 -27 0 0 0 -32 0 -31 -96 0 0 0 0 -74 -109 0
-36 21 -10 60 -48 41 0 25 -43 23 16 36 0 0 64 -19 -35 -36 72 -9 65 -27 41 -73 -50 -77 -12 -44 17 -10 0 18 56 79 -12 0 40 31 -38 -55 127 41 47 -104 -25 -14 27 -13 41 21 -25 -18 -51 -48 -62 -14 23 28 -68 24 -44 -46 -121 71
15 0 0 17 -44 0 0 -13 -44 26 0 0 0 0 -6 -15 16 0 16 5 -32 -43 -52 0 0 13 12 -27 -11 0 -29 0 20 0 -7 0 15 0 -75 0 12 7 0 0 0 -13 0 31 0 0 -6 -128 0 0 0 21 7 0 0 0 0 0 9 0
51 0 -14 17 0 -25 -41 16 -25 60 -28 0 17 0 0 -55 16 0 0 0 0 0 -15 0 -128 21 0 -68 0 0 35 0 -15 -17 0 0 0 -67 16 -101 0 0 0 -9 0 38 -21 -53 0 -18 0 -19 0 -26 14 -72 12 0 -12 0 20 -62 -21 0
77 0 0 -107 37 0 0 79 0 127 -57 0 -24 0 0 -18 42 0 0 -32 -52 20 -26 0 21 0 38 -54 19 -30 -59 0 0 0 0 0 0 76 -38 -64 0 -27 0 0 0 0 53 -49 0 0 32 0 0 55 -42 -36 0 0 37 0 0 -27 0 -17
-31 0 0 26 -6 8 15 11 0 -128 0 0 6 0 0 0 -17 0 6 0 18 -7 0 0 -12 15 18 -12 0 0 -6 0 0 5 0 0 9 -91 -5 -5 -7 0 7 0 0 10 12 0 10 0 -6 -54 6 -12 -7 6 0 0 0 0 6 0 0 0
-52 65 0 -54 0 30 33 0 0 -37 0 84 0 0 0 0 0 0 -31 0 0 0 0 0 35 48 0 0 0 0 -74 0 0 0 64 0 109 0 -51 0 0 0 90 0 0 77 52 -68 127 0 0 -94 0 -58 47 121 0 0 0 59 75 29 0 -40
33 -17 0 22 7 12 0 0 18 7 -114 0 -63 0 13 0 -128 0 0 -7 -11 0 0 0 0 9 9 36 0 11 -95 0 86 -11 23 -18 13 10 0 31 -126 38 -18 99 0 58 0 -16 -7 -15 -12 8 -11 0 16 -20 -11 0 0 0 -29 9 -92 -14
0 12 30 9 0 0 0 -12 0 0 21 9 -11 0 24 0 -18 0 0 -19 0 0 -10 0 0 0 0 0 0 11 14 0 -33 0 36 0 0 0 0 0 -37 0 0 -16 70 0 15 0 0 0 0 0 127 0 10 0 -10 0 106 0 0 0 0 0
-21 -45 0 -21 0 0 0 25 0 -27 -10 0 0 0 15 0 0 -21 -11 -14 14 0 0 0 0 0 22 -17 -10 0 -13 0 -128 0 0 -46 0 -28 0 -17 -42 0 0 -27 0 -24 -11 -27 -13 -18 -27 -25 0 0 -12 10 0 0 0 0 -14 0 0 -17
0 0 0 0 0 0 0 0 0 0 0 0 0 0 0 0 0 0 0 0 0 0 0 0 0 0 0 0 0 0 0 0 0 0 0 0 0 0 0 0 0 0 0 0 0 0 0 0 0 0 0 0 0 0 0 0 0 0 0 0 0 0 0 0
-21 8 0 -7 -95 -16 41 9 -25 15 9 13 0 0 0 -43 -18 -49 0 0 10 0 18 0 -9 0 7 0 0 0 17 0 -10 -31 0 0 -7 0 15 -7 -9 12 0 26 0 16 7 0 0 -24 -128 27 7 13 14 0 0 0 -13 -13 33 24 6 11
0 0 0 0 0 0 0 0 0 0 0 0 0 0 0 0 0 0 0 0 0 0 0 0 0 0 0 0 0 0 0 0 0 0 0 0 0 0 0 0 0 0 0 0 0 0 0 0 0 0 0 0 0 0 0 0 0 0 0 0 0 0 0 0
46 23 22 -21 127 0 0 18 120 0 0 25 47 0 0 46 17 103 -27 64 -16 45 0 23 52 17 42 37 15 51 34 0 72 -26 58 72 -35 -47 0 74 18 30 28 34 25 53 35 -18 64 40 109 0 70 43 94 0 24 0 68 31 50 26 35 -15
-39 12 0 49 -128 73 -15 -26 -112 33 0 0 0 0 9 -26 13 -109 -52 0 -20 -54 0 11 38 25 -45 0 0 0 -9 0 33 -28 -14 0 55 53 -10 0 20 -24 10 34 0 0 -33 54 17 -30 -116 26 0 0 -104 57 0 0 12 0 -17 31 45 -27
0 0 14 20 12 0 0 17 0 -13 -24 73 -16 0 17 14 -16 0 0 -13 -19 -13 18 0 0 0 12 0 0 19 -20 0 37 0 19 -32 -27 0 0 0 -12 18 97 -40 18 32 0 0 127 0 0 -11 0 0 16 0 0 34 21 46 0 0 -38 0
-23 0 14 32 -122 -9 18 -17 -94 -34 32 0 15 0 0 -8 11 -16 17 11 26 -58 21 11 9 -32 -9 -11 -15 0 -81 0 -24 20 0 0 0 65 0 0 0 10 0 -25 0 -47 46 41 10 -24 -27 0 0 25 -98 16 0 0 0 0 -128 -9 0 0
-26 -54 21 0 0 0 -13 12 -13 32 39 -42 9 0 60 0 39 -10 0 -50 0 0 -15 62 0 60 -33 0 -14 -11 15 -11 -127 10 -56 -53 24 0 -17 -19 -103 18 -26 42 56 -18 0 20 -44 0 0 0 81 0 -22 -11 -20 -40 80 -23 0 19 111 0
