127 0 0 0 0 0 0 0 0 0 0 0 0 0 0 0 0 0 0 0 0 0 0 0 0 0 0 0 0 0 0 0 0 0 0 0 0 0 0 0 0 0 0 0 0 0 0 0 0 0 0 0 0 0 0 0 0 0 0 0 0 0 0 0
-128 0 0 0 0 0 0 0 0 0 0 0 0 0 0 0 0 0 0 0 0 0 0 0 0 0 0 0 0 0 0 0 0 0 0 0 0 0 0 0 0 0 0 0 0 0 0 0 0 0 0 0 0 0 0 0 0 0 0 0 0 0 0 0
92 -39 0 0 -80 0 127 -35 0 -57 0 0 0 0 0 55 -60 0 82 -36 0 0 -96 0 0 0 35 49 51 0 40 -89 0 108 -58 0 0 -88 0 0 0 -41 0 0 -59 0 0 0 0 0 0 -89 0 0 95 0 0 37 0 0 -54 0 0 47
-128 0 0 0 0 0 0 0 0 0 0 0 0 0 0 0 0 0 0 0 0 0 0 0 0 0 0 0 0 0 0 0 0 0 0 0 0 0 0 0 0 0 0 0 0 0 0 0 0 0 0 0 0 0 0 0 0 0 0 0 0 0 0 0
0 36 30 62 0 -79 42 0 0 -26 -41 49 -63 127 -44 47 78 57 0 43 -23 0 71 -78 0 0 28 0 85 -83 0 -34 62 93 0 -62 -42 -63 38 34 0 -32 0 69 0 0 -39 90 0 0 0 -66 31 49 0 -37 0 0 -50 -25 93 -28 0 0
127 0 0 0 0 0 0 0 0 0 0 0 0 0 0 0 0 0 0 0 0 0 0 0 0 0 0 0 0 0 0 0 0 0 0 0 0 0 0 0 0 0 0 0 0 0 0 0 0 0 0 0 0 0 0 0 0 0 0 0 0 0 0 0
-25 0 0 0 0 -13 14 0 -28 31 0 0 14 0 22 15 0 22 -17 0 0 0 101 0 21 17 -28 0 0 0 0 -102 0 0 -27 -17 127 0 0 32 0 -10 0 0 -12 13 -21 -24 0 29 0 -15 -16 0 -57 0 -44 10 -16 -21 0 0 0 29
0 0 0 0 -74 0 0 0 0 0 0 0 77 0 95 0 0 89 0 0 0 0 -88 66 0 81 0 70 0 0 0 0 0 0 0 0 0 0 0 0 0 0 -80 0 -76 0 127 0 0 0 0 0 0 -70 0 0 0 66 100 -84 0 0 0 0
127 0 0 0 0 0 0 0 0 0 0 0 0 0 0 0 0 0 0 0 0 0 0 0 0 0 0 0 0 0 0 0 0 0 0 0 0 0 0 0 0 0 0 0 0 0 0 0 0 0 0 0 0 0 0 0 0 0 0 0 0 0 0 0
44 0 0 0 -66 37 -66 0 -52 107 -68 69 0 30 0 -45 -70 0 0 0 0 -61 -35 -43 -25 0 81 0 0 -127 -27 28 0 0 -62 0 117 48 -40 0 0 0 0 -53 0 -53 0 -31 0 0 0 28 98 0 70 -109 75 -50 0 -82 0 0 0 0
-128 0 0 0 0 0 0 0 0 0 0 0 0 0 0 0 0 0 0 0 0 0 0 0 0 0 0 0 0 0 0 0 0 0 0 0 0 0 0 0 0 0 0 0 0 0 0 0 0 0 0 0 0 0 0 0 0 0 0 0 0 0 0 0
31 22 0 0 0 127 0 20 0 12 14 -52 -20 16 0 -9 0 0 14 17 20 0 0 27 0 14 0 0 -9 35 0 -18 -23 0 55 21 0 0 0 0 0 -13 0 17 0 -11 27 -36 0 39 0 -13 -33 0 -20 0 -14 11 -51 0 -23 0 0 19
127 0 0 0 0 0 0 0 0 0 0 0 0 0 0 0 0 0 0 0 0 0 0 0 0 0 0 0 0 0 0 0 0 0 0 0 0 0 0 0 0 0 0 0 0 0 0 0 0 0 0 0 0 0 0 0 0 0 0 0 0 0 0 0
127 0 0 0 0 0 0 0 0 0 0 0 0 0 0 0 0 0 0 0 0 0 0 0 0 0 0 0 0 0 0 0 0 0 0 0 0 0 0 0 0 0 0 0 0 0 0 0 0 0 0 0 0 0 0 0 0 0 0 0 0 0 0 0
0 -57 66 -60 0 0 -20 60 -28 0 0 0 27 64 0 39 22 42 0 72 0 -38 -20 0 0 23 0 -23 -19 -36 127 36 0 24 0 0 26 0 19 32 0 0 -66 0 -54 -54 44 0 44 -29 0 0 0 -67 0 0 -62 -100 28 0 0 51 0 -71
-68 0 0 50 0 0 -15 -16 37 59 22 36 0 0 127 -29 -66 21 44 21 -41 0 0 0 0 0 27 0 -14 35 0 0 -32 0 -21 30 14 0 0 32 0 0 0 -19 45 0 34 -24 19 -21 -52 36 -19 0 28 -22 0 -24 24 0 -18 16 0 0
-27 0 0 17 0 14 -31 -18 -31 -127 -36 0 29 0 22 12 13 0 11 -19 0 -21 -40 -12 0 0 -22 14 19 -18 -15 -34 -10 0 0 -13 32 0 -17 0 0 0 23 18 10 0 0 0 -34 -12 19 18 0 0 21 -22 13 0 0 -19 -56 0 0 0
46 0 0 0 0 -56 0 0 39 0 0 0 0 0 -40 0 38 0 0 0 0 40 0 0 -37 0 43 0 115 0 0 0 0 0 0 0 0 -52 0 -38 0 0 -127 0 0 0 0 0 0 0 0 61 0 -67 -46 0 0 0 0 0 0 0 0 0
0 0 0 0 0 0 59 0 -83 0 74 53 57 121 48 0 0 98 67 0 48 68 0 110 0 67 0 51 -65 -70 0 0 0 0 56 49 -56 0 67 0 89 0 0 55 0 0 54 66 0 0 0 0 59 0 -76 0 0 0 127 -69 0 0 0 127
-128 0 0 0 0 0 0 0 0 0 0 0 0 0 0 0 0 0 0 0 0 0 0 0 0 0 0 0 0 0 0 0 0 0 0 0 0 0 0 0 0 0 0 0 0 0 0 0 0 0 0 0 0 0 0 0 0 0 0 0 0 0 0 0
42 0 0 0 -128 53 0 0 -94 34 0 0 0 35 0 -28 0 0 53 0 -72 0 -27 27 0 0 81 0 -29 0 -125 0 -41 0 53 30 0 78 0 0 28 0 39 30 0 42 58 0 0 -40 -80 0 0 0 0 0 0 56 55 -42 0 -36 0 42
-127 0 0 0 0 0 0 0 0 0 0 0 0 0 0 0 0 0 0 0 0 0 0 0 0 0 0 0 0 0 0 0 0 0 0 0 0 0 0 0 0 0 0 0 0 0 0 0 0 0 0 0 0 0 0 0 0 0 0 0 0 0 0 0
-76 29 0 0 -22 -32 21 0 -29 -32 0 100 69 0 127 0 -70 0 29 0 21 41 -37 -47 28 -24 -21 0 -27 -20 0 0 -39 -47 -24 70 0 0 18 -31 -18 34 0 -33 -22 0 0 -35 0 0 -23 101 -26 0 -52 -94 34 0 0 54 -66 66 51 0
-22 -32 -20 -35 21 35 -17 19 59 58 0 94 16 -24 -28 56 -53 0 0 0 -31 0 48 125 0 0 -17 0 -19 -60 0 -35 0 -37 0 0 -40 0 -16 -46 0 38 0 -14 22 -21 18 -40 0 0 -26 0 19 -41 56 -62 62 -25 20 -128 33 20 0 0
0 37 -63 42 27 0 0 -54 -24 0 24 0 0 14 0 0 0 19 0 -17 -19 0 -27 0 22 15 -27 -17 -50 0 127 0 15 0 0 0 0 0 -17 15 -16 -56 -29 0 35 88 0 0 0 0 0 16 0 -49 0 0 58 -68 -19 17 0 -18 -16 -35
-42 0 0 0 -52 0 0 0 42 68 0 -46 30 29 127 64 -91 0 72 41 -40 48 0 63 -50 -40 -53 0 -38 55 -39 -66 0 -31 0 91 0 0 0 -64 0 0 85 0 -46 0 74 0 40 28 27 122 -36 -52 0 0 0 27 -65 -37 0 38 0 0
-128 0 0 0 0 0 0 0 0 0 0 0 0 0 0 0 0 0 0 0 0 0 0 0 0 0 0 0 0 0 0 0 0 0 0 0 0 0 0 0 0 0 0 0 0 0 0 0 0 0 0 0 0 0 0 0 0 0 0 0 0 0 0 0
0 0 39 27 19 -30 0 0 -34 65 0 -58 0 -18 0 -35 0 0 0 0 -42 20 44 -96 0 28 0 0 18 71 0 0 0 -28 0 0 0 0 0 0 -29 0 0 0 0 0 0 83 0 0 0 -22 0 0 0 79 -58 0 -25 127 0 -72 0 0
127 0 0 0 0 0 0 0 0 0 0 0 0 0 0 0 0 0 0 0 0 0 0 0 0 0 0 0 0 0 0 0 0 0 0 0 0 0 0 0 0 0 0 0 0 0 0 0 0 0 0 0 0 0 0 0 0 0 0 0 0 0 0 0
0 71 -98 41 0 0 -64 -111 0 0 -87 0 68 -55 0 0 39 0 -57 -114 0 55 -62 0 0 50 -41 55 0 66 0 0 0 0 60 0 0 0 -58 0 50 0 -96 0 -81 85 44 0 -68 127 0 0 0 -50 0 0 66 0 108 0 0 0 0 38
-128 0 0 0 0 0 0 0 0 0 0 0 0 0 0 0 0 0 0 0 0 0 0 0 0 0 0 0 0 0 0 0 0 0 0 0 0 0 0 0 0 0 0 0 0 0 0 0 0 0 0 0 0 0 0 0 0 0 0 0 0 0 0 0
127 0 0 0 0 0 0 0 0 0 0 0 0 0 0 0 0 0 0 0 0 0 0 0 0 0 0 0 0 0 0 0 0 0 0 0 0 0 0 0 0 0 0 0 0 0 0 0 0 0 0 0 0 0 0 0 0 0 0 0 0 0 0 0
-128 0 0 0 -31 0 0 0 51 0 0 0 -38 0 0 0 0 0 0 0 0 0 0 0 0 0 0 0 0 0 104 0 0 0 0 0 0 0 0 0 0 0 0 0 0 0 0 0 0 0 0 0 0 46 0 0 0 -100 -36 0 0 0 0 0
0 0 0 27 0 -127 22 21 92 0 0 36 0 -61 -41 0 0 -47 0 0 0 0 -52 52 0 0 -43 0 48 62 0 -26 0 -36 -58 -43 67 37 0 -43 31 0 0 -21 0 0 24 0 -26 0 -21 0 0 -75 0 81 0 -23 0 -58 -30 30 0 -72
0 -30 0 -25 0 127 25 0 67 0 0 0 -40 19 50 30 17 0 0 0 -57 0 0 -53 -29 -17 -27 -20 116 0 -21 0 -19 0 24 0 41 0 0 0 0 -22 42 26 -19 49 -31 0 26 0 34 27 15 -21 -18 -18 0 0 -44 0 -23 0 0 50
-46 0 0 -25 42 -32 0 -31 0 -31 -22 0 -72 0 -20 0 0 -78 0 0 -60 0 -32 0 0 -78 0 -39 127 36 -83 -23 0 21 -41 0 0 0 -31 0 0 0 0 -30 -24 32 -55 0 0 -41 -64 -31 0 0 0 0 -22 58 -94 -26 0 0 -41 0
0 35 -52 83 0 0 0 -52 0 -22 -38 0 48 0 0 -20 0 37 0 -69 0 76 0 -41 0 34 0 55 0 42 -101 0 0 21 0 0 0 0 -73 36 0 -68 0 0 97 -68 45 -22 0 126 -22 26 -19 0 38 0 127 108 24 0 0 -28 -61 0
0 -25 0 -70 0 0 0 -58 0 -60 76 52 -40 -54 0 0 0 0 -57 0 -84 127 -58 -35 76 0 0 -53 0 -70 0 0 -94 45 -36 0 0 29 0 0 0 -29 0 47 48 0 -28 -34 0 34 68 -26 -31 0 0 -27 80 -42 38 -26 0 -48 0 0
-128 0 0 0 0 0 0 0 0 0 0 0 0 0 0 0 0 0 0 0 0 0 0 0 0 0 0 0 0 0 0 0 0 0 0 0 0 0 0 0 0 0 0 0 0 0 0 0 0 0 0 0 0 0 0 0 0 0 0 0 0 0 0 0
-128 0 0 0 0 0 0 0 0 0 0 0 0 0 0 0 0 0 0 0 0 0 0 0 0 0 0 0 0 0 0 0 0 0 0 0 0 0 0 0 0 0 0 0 0 0 0 0 0 0 0 0 0 0 0 0 0 0 0 0 0 0 0 0
0 0 44 0 0 -98 0 30 0 0 0 0 66 0 81 42 -73 62 0 34 0 0 0 29 -67 0 -38 0 103 0 0 -78 58 -49 -47 -31 -110 0 0 0 0 0 56 0 0 0 0 34 0 0 0 127 0 -61 -48 0 42 0 63 -84 -72 0 0 0
-29 71 -63 0 -40 0 -50 -92 0 0 96 0 0 0 0 29 0 39 0 -55 0 29 0 0 0 -39 0 -29 0 28 0 53 31 0 0 0 0 0 0 -48 0 -37 0 0 -44 63 34 0 -32 92 29 -37 0 0 38 40 86 0 127 51 -29 0 0 0
72 14 52 63 -108 0 0 -23 -29 -54 -24 17 -62 0 57 -37 0 65 29 43 -21 36 -21 0 28 -64 49 -36 -36 0 0 15 -42 0 0 0 0 -127 0 -68 0 20 0 0 0 -15 0 16 18 0 -38 28 30 19 -37 -31 46 -27 19 -39 -33 27 0 0
-86 76 -109 -59 0 127 0 -44 -35 0 0 0 33 -54 0 -39 -62 74 -79 113 -69 0 30 25 -39 36 -26 0 0 -31 0 26 0 61 42 0 0 -33 0 30 38 55 44 -80 41 0 -41 -73 -39 0 51 -41 -44 51 -31 -83 -68 0 56 0 34 0 -26 0
0 0 0 -50 -30 127 -46 69 67 -52 0 -27 -67 0 -45 -121 0 -42 0 0 0 0 43 -40 -48 -45 47 -66 -36 0 30 83 0 27 0 0 55 -34 -34 0 0 0 -47 0 0 -39 -51 -85 0 63 72 -55 0 0 39 -80 33 -71 -124 33 -27 0 33 0
-67 0 60 66 0 54 -57 0 42 -68 0 -51 0 0 -58 0 55 0 46 0 -128 0 -52 48 -34 0 -48 0 86 0 0 -65 0 0 0 -74 0 0 0 0 95 0 94 97 0 0 0 0 -39 0 -40 0 0 -51 0 83 -38 0 0 0 0 0 0 -54
0 0 -38 -94 0 0 -52 0 -32 -70 -32 58 0 0 0 -108 -33 -126 61 0 0 -53 45 -36 0 -39 119 0 82 0 -42 78 -31 -40 -127 0 45 0 0 -32 0 0 -86 -58 -37 0 -104 -67 -34 0 -35 -59 60 0 116 0 0 0 -128 0 -87 36 -33 0
0 80 0 53 73 -29 0 -33 0 0 0 -78 0 0 0 27 -51 35 0 0 -96 -41 62 -91 -127 -61 68 40 88 0 0 30 107 0 0 -87 0 -25 0 0 -26 0 0 -33 0 0 -54 38 -27 0 0 -25 66 -27 0 -28 -74 0 0 127 61 0 -34 -58
86 0 0 0 -67 -53 0 0 0 -77 0 0 0 -81 0 0 0 0 0 0 115 0 0 0 126 0 0 0 -53 0 0 0 -117 0 0 127 63 0 0 0 0 0 0 0 0 0 0 90 0 0 0 47 0 0 0 0 0 -52 0 0 0 0 0 0
-127 0 0 0 0 0 0 0 0 0 0 0 0 0 0 0 0 0 0 0 0 0 47 0 0 0 0 0 -83 0 0 0 0 0 0 0 0 0 0 0 0 0 0 0 0 0 0 0 0 0 0 0 0 0 0 0 0 0 -49 0 0 0 0 0
-128 0 0 0 0 42 0 0 0 0 0 0 0 0 0 0 0 0 0 0 0 0 0 0 0 0 46 0 0 0 0 0 0 0 0 0 0 0 0 0 0 0 -43 54 0 0 0 0 0 0 0 0 0 0 0 0 0 0 0 0 0 0 0 0
28 0 14 23 -15 0 -44 0 62 -19 -21 0 -10 -60 0 -33 -48 0 0 0 0 0 -51 0 16 -26 127 0 0 26 12 -93 0 0 20 0 -12 41 -22 0 0 0 0 0 0 13 22 24 15 0 -29 -31 -14 90 -21 10 27 13 24 0 10 31 0 0
0 51 0 29 0 0 0 0 0 60 -46 42 0 -50 43 -69 0 0 0 72 -46 0 0 0 0 0 0 0 0 0 0 0 -32 0 0 127 0 0 0 0 0 0 -40 0 -33 0 0 -41 -28 0 37 -71 60 0 35 0 0 -33 -51 0 0 0 0 50
34 27 0 -29 0 -71 26 0 -24 -47 0 32 29 0 0 103 -40 -27 -57 0 -19 33 24 -93 -33 0 0 0 103 19 0 0 26 35 32 -41 0 -79 0 -29 -19 -18 -28 -26 -47 -29 -62 45 0 52 40 -24 0 -22 -51 45 0 -19 -56 127 -23 32 0 -40
-128 0 0 0 0 0 0 0 0 0 0 0 0 0 0 0 0 0 0 0 0 0 0 0 0 0 0 0 0 0 0 0 0 0 0 0 0 0 0 0 0 0 0 0 0 0 0 0 0 0 0 0 0 0 0 0 0 0 0 0 0 0 0 0
-128 0 0 0 0 0 0 0 0 0 0 0 0 0 0 0 0 0 0 0 0 0 33 0 0 0 0 0 0 0 -33 0 0 0 0 -35 0 0 0 0 0 0 0 0 0 0 0 0 0 0 0 0 0 0 0 0 0 0 0 0 0 0 -34 0
0 -8 0 26 -31 -17 0 0 22 0 8 0 -28 -18 -14 -9 10 -20 0 11 -24 0 11 0 0 -49 -128 -37 -13 9 0 23 22 0 0 0 59 -29 9 -13 9 0 71 45 0 0 0 16 12 0 -19 16 14 -16 19 -16 -19 0 27 -16 0 -16 9 26
72 0 0 0 0 0 0 0 0 0 0 36 -56 0 -43 0 0 -83 0 -77 0 38 -110 0 -79 0 0 0 0 -33 0 -40 0 48 0 -38 44 0 0 -59 0 0 -94 0 0 -33 -32 -62 0 0 0 45 0 -88 127 -43 0 0 -78 46 -33 37 64 0
0 -57 63 -70 0 0 -25 50 0 21 0 0 117 -50 0 21 0 24 -23 82 22 -46 0 0 0 57 0 37 0 0 -21 0 0 0 0 0 0 0 -128 25 22 37 -39 -20 -48 -41 0 0 82 -29 22 0 -24 0 -27 0 -34 0 0 0 20 60 57 0
-20 0 0 0 -15 -18 52 64 -40 0 -29 0 -52 -22 42 0 18 0 -25 34 0 0 56 0 18 -18 -81 0 -20 -19 25 -53 -17 0 0 -16 0 -38 -17 -23 -17 -41 110 18 -52 0 -52 0 23 67 -26 18 0 -27 -39 0 0 0 -128 -31 0 -20 0 -22
-128 0 0 0 0 0 0 0 0 0 0 0 0 0 0 0 0 0 0 0 0 0 0 0 0 0 0 0 0 0 0 0 0 0 0 0 0 0 0 0 0 0 0 0 0 0 0 0 0 0 0 0 0 0 0 0 0 0 0 0 0 0 0 0
-42 -35 98 -38 0 0 79 93 0 0 0 0 -92 0 48 -44 0 0 34 90 0 0 0 0 0 0 -31 0 56 -97 0 0 60 35 30 39 0 0 127 -36 0 45 59 0 -44 -45 0 87 58 -40 40 0 0 75 0 36 -75 77 -110 0 33 0 0 0
127 0 0 0 0 0 0 0 0 0 0 0 0 0 0 0 0 0 0 0 0 0 0 0 0 0 0 0 0 0 0 0 0 0 0 0 0 0 0 0 0 0 0 0 0 0 0 0 0 0 0 0 0 0 0 0 0 0 0 0 0 0 0 0
-47 0 73 100 92 0 51 -21 0 -28 -29 37 -66 60 21 -45 0 -46 54 53 -34 0 -22 77 0 -78 -79 -68 0 91 0 -118 0 -48 0 -30 -22 127 21 46 0 -40 39 -87 -61 0 0 0 0 0 -45 60 -64 43 82 77 -37 0 -44 0 47 32 66 0
0 0 0 0 0 0 0 0 0 0 0 0 0 0 0 0 0 0 0 0 0 0 0 0 0 0 0 0 0 0 0 0 0 0 0 0 0 0 0 0 0 0 0 0 0 0 0 0 0 0 0 0 0 0 0 0 0 0 0 0 0 0 0 0
-127 0 0 0 0 0 0 0 0 0 0 0 0 0 0 0 0 0 0 0 0 0 0 0 0 0 0 0 0 0 0 0 0 0 0 0 0 0 0 0 0 0 0 0 0 0 0 0 0 0 0 0 0 0 0 0 0 0 0 0 0 0 0 0
0 43 0 0 0 102 -65 46 0 0 0 -37 -37 0 84 0 0 104 31 62 103 0 45 0 -127 0 0 0 -100 -70 50 43 63 -42 90 0 0 0 0 0 -31 -33 0 0 -55 72 -28 0 39 0 70 0 75 0 -40 -74 0 -112 -33 68 -60 -35 -31 56
0 -106 99 -50 0 52 63 56 0 66 0 0 0 0 0 -54 0 89 0 127 0 0 0 0 0 89 0 50 63 -59 80 -113 53 0 0 47 0 0 124 0 0 0 0 0 -112 -66 0 71 83 -98 0 77 0 85 0 0 -84 79 -93 0 81 0 0 0
0 41 0 0 27 -34 31 0 69 0 0 86 -38 81 0 0 -38 46 -64 29 36 0 44 -86 0 -31 -26 -52 0 -37 0 -48 67 0 45 -33 -71 -34 0 0 0 0 0 0 -35 0 -128 87 40 38 59 -47 57 0 -36 -123 0 0 -53 23 23 30 0 -44
127 0 0 34 39 -41 0 0 83 0 0 -28 0 0 0 0 0 0 0 0 0 0 0 -35 0 -31 -57 0 0 54 0 0 0 0 0 0 -34 0 0 0 -42 0 0 0 0 31 0 0 0 0 0 0 0 -35 0 -34 0 0 -35 0 0 0 0 0
0 -19 0 0 0 0 26 47 -36 0 0 0 -29 24 0 0 0 127 -33 46 0 -26 0 0 0 19 -29 0 -19 22 -34 0 19 0 -19 0 -29 0 0 35 0 -65 0 0 0 -30 0 51 57 0 0 -41 42 -21 0 -43 27 -16 28 0 28 19 0 0
0 0 0 0 0 0 0 0 0 0 0 0 0 0 0 0 0 0 0 0 0 0 0 0 0 0 0 0 0 0 0 0 0 0 0 0 0 0 0 0 0 0 0 0 0 0 0 0 0 0 0 0 0 0 0 0 0 0 0 0 0 0 0 0
-34 0 -36 28 46 0 -87 0 -114 24 -35 0 0 45 0 30 -24 0 0 0 0 35 0 0 0 0 24 0 -128 -85 -31 68 0 39 -24 0 94 0 -64 39 -40 40 -60 61 0 31 0 -27 0 0 48 0 76 0 0 24 45 -40 0 0 -37 60 24 127
127 0 0 0 0 0 0 0 0 0 0 0 0 0 0 0 0 0 0 0 0 0 0 0 0 0 0 0 0 0 0 0 0 0 0 0 0 0 0 0 0 0 0 0 0 0 0 0 0 0 0 0 0 0 0 0 0 0 0 0 0 0 0 0
-128 32 0 0 0 0 0 0 0 -22 0 0 0 0 0 0 0 0 0 0 22 0 24 0 -33 0 0 0 0 0 0 0 26 0 0 0 0 0 0 0 0 0 -23 0 0 0 0 0 0 0 0 0 0 0 0 0 0 0 0 0 25 0 0 0
0 0 0 -18 0 15 0 0 -32 42 -15 -38 25 -15 -26 41 31 0 0 0 13 0 -15 0 -45 15 0 0 59 17 -20 25 -14 -21 0 -13 -23 17 0 14 -12 0 0 0 0 -21 -35 -24 0 0 0 17 0 -45 -128 0 19 -12 37 -22 0 0 -20 -12
9 12 17 0 -20 0 0 0 16 -15 0 -20 -19 -16 -30 32 10 0 0 0 36 0 -38 11 0 -13 19 0 33 0 0 61 -14 -13 -9 0 -127 -12 12 -23 0 -15 0 0 0 0 0 0 0 25 0 -10 0 25 26 0 9 0 -14 0 0 29 -24 0
0 0 0 -15 0 0 18 -16 0 0 0 0 0 0 0 0 0 0 0 0 15 0 0 -13 0 12 0 0 0 0 0 0 11 0 0 0 0 0 16 0 127 -12 0 0 -11 0 -25 10 0 0 0 0 -12 13 -17 -18 0 0 12 0 10 0 0 -11
127 0 0 0 0 0 0 0 0 0 0 0 0 0 0 0 0 0 0 0 0 0 0 0 0 0 0 0 0 0 0 0 0 0 0 0 0 0 0 0 0 0 0 0 0 0 0 0 0 0 0 0 0 0 0 0 0 0 0 0 0 0 0 0
46 -69 91 0 0 -44 40 0 -101 -62 0 -42 0 -33 63 0 0 50 0 -128 96 0 31 -71 0 89 0 0 78 0 28 0 59 0 -34 -68 0 0 30 -37 0 26 0 -47 0 -32 -57 92 0 44 58 33 0 0 -33 76 35 0 61 51 -90 0 0 0
0 -69 -49 -100 -27 -52 0 86 -62 0 0 -36 0 0 0 0 0 27 0 127 0 -35 0 65 44 -107 44 0 0 0 0 35 0 -29 95 0 0 -27 64 0 0 31 0 0 -41 -41 0 -50 54 -25 -35 -36 -34 0 50 0 -53 0 71 0 -40 54 -46 0
0 -78 36 -61 0 0 0 127 0 0 0 0 62 0 0 43 -43 0 0 76 0 0 0 0 -37 0 0 -31 0 0 0 45 0 31 0 -62 0 -28 0 27 34 0 0 0 0 0 -29 0 50 -68 -30 -36 0 -43 32 0 -72 0 125 -27 -28 52 0 0
-128 0 0 38 42 0 -39 0 0 0 -32 0 -36 37 28 0 -31 0 0 0 -32 0 0 0 0 -31 -44 -36 0 0 0 0 -54 -27 0 44 0 0 0 0 0 0 0 -51 0 0 0 0 46 0 0 38 60 0 0 0 0 0 0 0 0 0 34 0
0 0 0 -61 -112 37 0 -53 0 34 0 94 0 0 0 -109 53 0 43 0 0 0 -96 40 0 47 0 0 127 30 106 -96 0 0 0 0 -57 -110 0 -36 0 35 -80 -29 43 33 0 -40 0 -84 0 66 0 0 104 0 -43 -87 0 0 0 0 0 0
-128 0 37 32 -73 31 61 0 26 32 18 0 58 -36 44 -51 0 73 0 0 0 -21 -28 54 37 0 -45 -24 -25 0 0 -111 39 -47 35 0 -50 -45 30 -43 0 0 34 -35 0 -22 0 53 -27 0 49 -30 -40 26 19 0 -27 0 59 48 37 -23 -33 -40
0 -38 51 -63 0 0 0 67 32 0 -23 0 0 0 0 0 0 0 0 30 0 0 33 0 32 0 0 0 -102 -24 -128 18 0 0 0 0 -24 0 0 0 22 79 0 19 -45 -84 -23 0 0 -23 28 -18 22 0 0 0 -74 108 0 0 0 0 72 -42
0 0 0 0 52 0 0 40 50 0 0 0 0 0 0 0 -78 28 -28 0 0 0 37 -126 -73 0 0 0 -36 -92 0 127 56 31 0 -29 -26 49 0 0 -34 0 0 0 -33 0 -99 -31 0 48 37 -27 66 0 -72 -91 37 -30 -34 23 28 0 0 -28
69 0 0 0 -89 -106 0 0 -84 0 0 0 -43 -44 -59 82 -81 0 0 0 0 0 0 0 -46 0 39 0 0 -63 0 -65 38 0 -128 -74 0 57 0 -52 0 0 0 -35 0 0 0 0 0 0 69 0 38 0 0 0 53 0 0 0 0 0 0 75
127 0 0 0 0 0 0 0 0 0 0 0 0 0 0 0 0 0 0 0 0 0 0 0 0 0 0 0 0 0 0 0 0 0 0 0 0 0 0 0 0 0 0 0 0 0 0 0 0 0 0 0 0 0 0 0 0 0 0 0 0 0 0 0
0 0 0 0 0 0 0 0 0 0 0 0 0 0 0 0 0 0 0 0 0 0 0 0 0 0 0 0 0 0 0 0 0 0 0 0 0 0 0 0 0 0 0 0 0 0 0 0 0 0 0 0 0 0 0 0 0 0 0 0 0 0 0 0
-128 0 0 0 0 0 0 0 0 0 0 0 0 0 0 0 0 0 0 0 0 0 0 0 0 0 0 0 0 0 0 0 0 0 0 0 0 0 0 0 0 0 0 0 0 0 0 0 0 0 0 0 0 0 0 0 0 0 0 0 0 0 0 0
0 44 -49 47 102 -32 -53 0 -39 -49 0 0 0 0 0 -52 0 116 0 46 46 0 45 0 34 31 0 43 -31 0 29 98 85 31 -39 69 0 53 0 44 0 0 0 49 -56 0 47 0 0 59 44 34 112 0 -128 0 0 45 -36 -57 0 46 0 0
-128 0 0 0 0 0 0 0 0 0 0 0 0 0 0 0 0 0 0 0 0 0 0 0 0 0 0 0 0 0 0 0 0 0 0 0 0 0 0 0 0 0 0 0 0 0 0 0 0 0 0 0 0 0 0 0 0 0 0 0 0 0 0 0
0 0 0 0 0 -50 0 0 0 -38 0 -76 100 -81 0 83 0 60 59 0 0 0 0 0 45 0 -118 0 -93 0 0 -56 0 0 -49 -38 0 -34 0 0 0 0 80 0 0 0 0 -31 0 0 -62 127 0 -85 -125 0 0 0 0 -67 0 45 0 0
0 0 0 -32 -96 0 -29 0 -62 23 55 -63 0 -60 45 87 0 0 -62 23 59 0 50 -113 -26 0 65 0 0 94 0 0 0 60 31 72 35 68 0 -20 0 -54 46 37 -39 0 0 28 25 0 32 0 24 31 81 -112 -78 39 0 125 0 -128 -30 0
20 0 14 -15 -18 28 21 -13 0 -35 15 17 0 13 -25 0 19 0 -15 0 22 0 0 -12 15 0 0 -12 0 0 -13 -31 -10 34 0 0 -22 -24 0 0 0 0 0 19 15 0 9 -10 25 -9 0 -29 37 33 127 0 0 -13 -17 16 0 0 0 18
127 0 0 0 0 0 0 0 0 0 0 0 0 0 0 0 0 0 0 0 0 0 0 0 0 0 0 0 0 0 0 0 0 0 0 0 0 0 0 0 0 0 0 0 0 0 0 0 0 0 0 0 0 0 0 0 0 0 0 0 0 0 0 0
37 27 38 0 0 -49 74 -31 83 28 0 0 0 0 0 93 0 -54 67 0 0 0 0 -29 0 0 -33 0 37 73 37 -49 25 0 0 -27 -42 -33 25 -64 -40 0 70 0 0 0 -28 0 0 0 -31 0 0 0 66 39 -59 66 -44 69 24 0 0 -128
-50 -21 -21 -55 -69 25 -79 32 45 0 -29 -92 35 -46 43 0 0 0 34 -19 75 -30 48 0 34 28 0 0 64 68 25 123 42 -34 -27 65 72 -100 -34 -30 0 0 127 -36 -24 -22 -20 0 -24 0 23 28 -63 0 -77 -31 27 0 -80 -71 0 19 -54 26
-58 0 0 35 74 52 0 0 -30 0 -27 49 -37 69 39 0 -19 35 0 0 0 0 0 0 38 -27 71 -22 24 0 0 0 0 20 0 0 -86 120 0 0 0 -40 64 0 -42 0 -33 44 0 0 -20 -34 -21 127 -69 -27 21 -44 -19 -28 19 0 19 55
0 -80 127 -77 -20 68 20 88 20 0 0 30 0 0 29 0 -30 21 0 -27 -19 0 0 -36 0 54 0 -83 0 -51 0 0 0 0 -95 33 0 -20 36 0 0 0 0 -48 -20 -24 0 73 0 0 21 0 0 0 0 0 0 0 25 0 0 0 -19 0
0 0 0 0 0 0 0 0 0 0 0 0 0 0 0 0 0 0 0 0 0 0 0 0 0 0 0 0 0 0 0 0 0 0 0 0 0 0 0 0 0 0 0 0 0 0 0 0 0 0 0 0 0 0 0 0 0 0 0 0 0 0 0 0
73 -21 31 0 0 0 0 34 -58 24 0 0 -18 87 0 46 0 18 0 0 -20 37 0 0 0 -40 0 -43 -32 0 104 -65 0 68 0 -24 -42 0 0 19 0 -22 -82 -55 -24 -89 0 0 24 32 0 28 0 -106 -30 -19 29 -127 -61 -32 0 -29 0 -60
-128 0 0 0 0 0 0 0 0 0 0 0 0 0 0 0 0 0 0 0 0 0 0 0 0 0 0 0 0 0 0 0 0 0 0 0 0 0 0 0 0 0 0 0 0 0 0 0 0 0 0 0 0 0 0 0 0 0 0 0 0 0 0 0
0 0 0 -56 -118 0 0 0 0 0 0 85 62 -105 0 0 -84 57 0 0 0 0 0 0 70 59 58 63 0 -128 0 0 0 0 -60 0 0 0 0 88 0 0 -83 -102 0 0 0 -53 0 0 0 0 0 0 122 -60 95 0 0 -94 0 0 0 0
0 92 -34 42 0 0 -45 -74 0 0 81 0 0 -23 0 -19 0 46 0 -42 0 0 -20 0 24 -34 0 -25 26 0 0 -30 18 18 38 0 33 0 0 0 0 -30 0 0 -123 111 60 0 -24 106 0 -23 29 0 0 0 103 -53 127 19 0 -45 25 0
63 0 0 0 -52 0 -25 0 68 0 0 75 -46 0 0 0 57 -42 0 0 35 -37 54 0 114 0 61 0 67 0 0 0 0 0 73 86 0 -54 0 0 0 0 0 0 0 0 127 0 105 28 0 75 48 33 41 -46 0 0 0 25 0 33 39 -33
35 -45 0 0 0 126 -30 51 52 0 0 114 -42 0 0 -60 0 0 0 -27 0 0 81 -58 0 28 0 0 0 -127 0 0 58 0 -64 -39 0 -45 0 -40 0 0 -51 -35 0 -52 0 33 0 35 95 0 0 -43 0 -60 35 0 0 -34 78 0 0 51
-127 0 0 0 0 0 0 0 0 0 0 0 0 0 0 0 0 0 0 0 0 0 0 0 0 0 0 0 0 0 0 0 0 0 0 0 0 0 0 0 0 0 0 0 0 0 0 0 0 0 0 0 0 0 0 0 0 0 0 0 0 0 0 0
-128 0 0 0 37 0 -39 0 0 0 0 0 -46 33 -20 0 30 0 -19 0 0 0 -17 24 0 -55 0 -46 0 0 0 0 23 0 0 -25 0 26 0 0 -19 15 -33 0 0 0 0 16 0 0 -18 26 0 0 0 23 0 0 0 20 0 0 0 -26
-128 0 0 0 0 0 0 0 0 0 0 0 0 0 0 0 0 0 0 0 0 0 0 0 0 0 0 0 0 0 0 0 0 0 0 0 0 0 0 0 0 0 0 0 0 0 0 0 0 0 0 0 0 0 0 0 0 0 0 0 0 0 0 0
-46 0 43 24 -50 -44 127 -41 55 0 74 31 0 0 36 65 60 0 -52 0 0 0 0 0 0 0 -39 0 -47 0 0 -72 71 36 0 -30 -88 0 50 -47 0 26 0 24 0 0 -27 43 0 0 0 0 0 -39 66 -31 0 0 0 0 32 0 0 -102
127 0 0 0 0 0 0 0 0 0 0 0 0 0 0 0 0 0 0 0 0 0 0 0 0 0 0 0 0 0 0 0 0 0 0 0 0 0 0 0 0 0 0 0 0 0 0 0 0 0 0 0 0 0 0 0 0 0 0 0 0 0 0 0
0 39 -65 88 0 0 0 -104 0 0 0 -49 115 -68 0 0 0 0 0 -127 -39 89 -59 0 0 100 -94 94 0 81 -71 0 0 0 0 0 45 48 -128 99 0 -75 -56 0 75 51 0 0 -76 0 0 0 0 0 0 -44 93 44 -104 -45 0 -48 0 0
-46 16 25 39 0 28 0 0 27 127 0 0 0 13 24 17 -19 0 0 15 -37 15 34 -27 0 0 0 0 0 0 0 -17 0 -13 0 0 -20 -23 0 0 -16 -14 0 0 -16 0 0 0 -17 0 -27 0 0 0 53 0 -17 -13 0 0 72 0 0 0
0 0 0 0 0 0 0 0 0 0 0 0 0 0 0 0 0 0 0 110 0 0 0 0 0 0 0 0 0 0 0 0 0 0 0 0 0 0 0 0 0 0 0 0 0 0 0 0 0 0 0 0 0 0 0 0 0 0 127 -128 0 0 0 0
-127 0 0 0 0 0 0 0 0 0 0 0 0 0 0 0 0 0 0 0 0 0 0 0 0 0 0 0 0 0 0 0 0 0 0 0 0 0 0 0 0 0 0 0 0 0 0 0 0 0 0 0 0 0 0 0 0 0 0 0 0 0 0 0
0 0 0 0 -63 -63 30 30 39 0 16 -21 0 -45 -18 127 -21 -42 0 0 -18 0 37 0 0 0 72 0 0 62 0 0 -20 -29 -34 -25 16 44 0 0 0 0 19 -38 -45 0 0 32 0 36 -28 0 0 0 -42 0 31 0 30 0 0 0 0 0
33 51 -75 34 0 0 0 -81 -59 0 52 40 0 70 0 0 40 0 0 -59 -44 0 0 0 -33 0 0 -60 41 0 89 0 0 31 -35 0 0 0 -27 0 -27 -48 -81 0 76 55 0 0 0 35 -40 35 0 -85 0 0 82 -128 -35 0 0 -63 -77 -80
-128 0 0 0 0 -38 0 0 0 0 0 0 0 0 0 0 0 0 0 0 0 0 0 0 0 0 0 0 0 0 0 0 0 0 0 0 0 0 0 0 0 0 0 0 0 0 0 0 0 0 0 0 0 0 0 0 0 0 0 0 0 0 0 0
0 127 -26 24 44 -29 0 -55 38 -38 0 -20 -20 0 18 -66 55 63 41 18 -74 96 -20 0 0 46 0 0 -28 0 0 -27 -87 0 0 75 0 0 -18 0 0 -48 20 0 0 24 31 26 -60 -24 76 -38 -30 0 23 23 53 0 -25 0 56 -41 -21 29
93 0 30 0 -29 28 -35 0 91 0 0 -52 0 -27 61 0 28 30 106 0 32 -23 57 73 0 0 23 0 52 0 0 -27 36 88 45 0 40 -40 0 46 0 -29 0 0 0 -27 65 127 0 0 46 24 30 0 -42 58 62 0 0 0 83 -48 0 -50
0 -53 31 30 0 127 0 -45 23 -16 0 0 0 0 0 0 0 26 0 -76 -25 33 18 -69 0 45 -17 -48 -22 37 0 16 0 0 -69 -15 0 -19 -32 30 0 0 0 -49 53 39 0 19 -18 66 0 -31 0 0 0 0 69 0 0 46 -18 -43 0 0
0 0 0 0 0 0 0 0 0 0 0 0 0 0 0 0 0 0 0 0 0 0 0 0 0 0 0 0 0 0 0 0 0 0 0 0 0 0 0 0 0 0 0 0 0 0 0 0 0 0 0 0 0 0 0 0 0 0 0 0 0 0 0 0
0 124 -74 93 -32 0 0 -53 0 0 34 0 -127 30 0 0 23 -37 0 -49 -33 80 0 0 19 -128 22 -103 -30 0 0 -44 39 44 0 0 -45 -46 75 -103 0 -49 26 32 89 79 -40 0 -51 71 26 0 18 -41 38 0 90 0 0 19 25 -50 -31 -22
-63 0 -34 0 -114 0 0 0 0 0 0 37 48 0 47 -101 0 37 -65 36 43 0 0 -43 0 127 53 44 112 -102 0 66 97 88 -53 0 29 -68 0 0 -49 -62 0 0 -82 -40 -33 -65 0 29 70 0 33 48 64 -52 38 0 -114 -35 31 0 -71 0
42 22 -22 -33 0 -34 0 0 -39 38 0 0 0 32 98 -49 -94 30 -57 0 -89 0 -40 40 -58 38 0 0 127 0 0 0 39 0 -85 -55 0 -42 0 0 0 20 41 -53 0 0 40 0 -21 0 60 49 0 0 98 0 0 0 0 -34 -77 -35 -35 0
0 0 0 0 0 0 0 0 0 0 0 0 0 0 0 0 0 0 0 0 0 0 0 0 0 0 0 0 0 0 0 0 0 0 0 0 0 0 0 0 0 0 0 0 0 0 0 0 0 0 0 0 0 0 0 0 0 0 0 0 0 0 0 0
0 -45 0 -45 0 -45 50 28 91 78 35 0 0 0 -90 92 -41 0 0 0 -41 0 0 -42 0 0 -31 0 53 96 0 49 0 37 -75 0 0 -45 -34 71 -40 0 80 0 -51 0 -48 0 -45 0 -34 -81 0 0 127 -57 -33 36 0 38 43 0 0 -55
111 -37 0 0 -44 28 31 0 -60 44 0 28 0 -56 -64 -50 -38 43 -94 0 0 0 0 0 0 44 -96 34 -74 -79 0 105 0 0 0 0 -35 -51 -36 71 0 29 0 -33 -34 0 -84 -55 0 49 0 -51 0 0 -41 40 0 43 -127 0 0 0 0 0
0 39 -47 46 26 -14 0 -59 -16 0 46 17 0 51 14 17 18 0 0 -65 0 79 0 20 0 -22 0 19 -38 0 -101 28 15 48 18 0 0 15 0 0 -17 -52 -42 0 82 -58 18 0 -27 75 0 0 0 -41 0 0 61 127 29 0 0 -36 23 -76
0 -37 27 0 0 -24 -37 127 0 0 0 -18 23 0 0 22 0 40 -19 78 0 0 -38 19 0 -14 0 -18 0 0 0 -32 0 0 -15 0 -18 0 -18 17 0 -81 0 0 0 -17 15 0 50 -36 -18 0 -16 0 -14 0 -38 0 84 0 -19 0 0 0
58 -43 41 0 22 0 0 -27 -120 0 0 0 29 70 0 0 0 0 127 0 95 0 0 0 101 0 0 0 -115 62 102 0 -65 -23 42 0 0 54 0 0 0 0 -57 -22 39 0 48 29 0 0 -64 -59 -108 -53 -50 0 0 -86 0 0 0 0 71 0
-39 25 20 0 -16 23 0 0 0 -128 0 -55 0 0 -81 20 90 45 0 38 -32 30 -16 35 -19 0 0 0 0 -20 0 -27 21 40 -29 -37 0 -37 0 0 0 17 17 35 22 0 0 -17 28 -21 46 -27 0 0 -60 34 0 -24 19 -66 0 -18 0 21
0 0 0 69 0 100 -63 84 -82 52 -46 0 -50 74 0 -99 -83 94 0 0 0 0 0 0 0 0 0 54 -85 -85 0 102 127 0 0 0 0 47 -49 0 -93 0 0 0 -60 0 0 0 0 58 0 0 0 45 0 65 84 107 0 -104 0 0 0 0
0 -60 27 -59 0 0 -34 119 31 -20 -47 0 0 27 -24 21 -19 0 0 0 0 -17 0 0 -18 21 45 0 0 0 -30 33 0 0 -20 -17 18 15 48 -19 0 -40 -21 0 -42 -28 36 0 0 -44 -30 0 0 -34 0 17 -83 84 127 0 0 62 57 0
0 0 0 -111 -83 -95 -44 41 0 0 85 65 -54 -108 0 -68 0 -55 94 0 75 -29 53 61 33 0 46 0 67 51 0 0 -36 -48 -84 31 0 -85 32 -97 49 34 75 -34 0 0 0 0 0 0 -127 0 -30 0 0 -75 -44 0 0 -73 59 0 -30 0
-38 25 23 37 -20 48 0 -21 0 60 0 0 -48 -28 -91 -38 0 19 18 0 -27 -17 29 0 47 -26 29 0 19 -20 0 0 54 -38 0 0 0 -30 -20 67 25 0 -59 -39 0 0 -19 0 -18 0 32 -50 37 0 41 -22 0 0 0 18 127 0 0 0
25 99 -95 97 0 -23 0 -79 -91 -22 44 0 0 0 -22 -42 0 22 -46 -85 102 -95 42 59 0 -39 0 66 37 53 0 0 127 -25 53 -27 0 0 -38 0 0 0 0 0 97 66 -28 -51 53 0 -94 33 47 0 37 -45 65 -24 0 28 26 -23 -33 0
52 28 0 0 -44 0 -125 54 -83 -28 -81 0 -65 0 -29 -87 65 31 42 0 0 0 30 -34 0 0 0 59 -103 -90 0 47 0 33 39 43 46 0 -41 -57 -29 -49 0 0 0 0 -47 0 0 0 0 -49 0 0 -93 0 44 59 -42 0 0 54 0 127
0 0 0 -26 -34 39 -45 0 -65 24 0 0 0 0 0 -127 0 95 -25 39 55 0 0 31 111 28 -76 0 0 -51 0 0 0 -31 -40 35 -24 0 28 52 0 -29 0 -45 0 28 59 -28 0 51 0 0 -37 0 -45 86 62 0 -27 -69 0 23 -24 0
127 0 0 0 0 0 0 0 0 0 0 0 0 0 0 0 0 0 0 0 0 0 0 0 0 0 -43 0 0 0 0 0 0 0 0 0 0 0 0 0 0 0 0 0 0 0 0 0 0 0 0 0 0 0 0 0 0 0 0 0 0 0 0 0
127 0 0 0 0 98 0 -45 0 0 -67 0 -76 -123 0 0 -55 0 0 0 0 0 -85 0 0 -81 53 -57 0 0 -86 -85 -74 0 85 0 0 -97 0 -118 0 0 -48 66 0 0 -51 52 0 -65 -88 0 0 0 -75 -79 0 0 106 0 0 66 0 0
62 44 -43 -47 0 38 -71 0 -98 56 -40 -46 0 -41 -76 70 0 0 112 0 114 0 -27 31 26 0 32 0 -25 87 -38 127 0 -35 -88 59 91 -69 0 0 0 -42 36 0 -28 45 0 -72 0 0 -53 -28 0 0 101 0 33 0 -41 -42 -40 31 -62 105
0 0 0 0 0 11 0 0 -19 0 0 0 0 0 0 0 0 0 0 0 0 0 0 -14 0 0 0 0 0 0 0 0 17 0 0 0 0 0 -12 0 127 0 0 0 0 0 0 0 -13 0 0 0 0 0 0 0 0 0 0 0 0 17 14 0
0 -70 82 -75 0 0 50 0 0 0 -25 -26 31 -45 0 0 0 30 0 82 0 0 -27 0 0 127 0 93 0 -47 0 0 31 37 0 44 39 0 -48 0 0 59 0 0 -104 -50 0 0 41 -34 0 26 0 0 0 0 -86 82 -59 -39 43 61 30 -28
0 0 0 0 0 0 0 69 0 0 0 0 86 -73 0 0 0 80 0 127 0 0 0 0 0 101 0 0 80 0 0 0 0 0 0 0 0 0 0 0 0 0 0 0 0 0 68 0 92 0 0 0 0 0 0 0 0 0 112 0 0 0 0 0
125 0 0 0 -61 52 0 -51 49 0 0 -72 -58 29 127 -45 -59 0 -26 45 -50 30 -78 39 -127 -38 91 0 -58 -77 -67 0 0 0 76 -113 0 0 0 -29 0 -37 51 51 -36 86 -52 0 22 -46 72 50 0 22 0 0 -47 0 0 0 -116 0 0 -22
79 -57 0 -57 0 0 53 0 39 26 127 -69 -47 0 45 27 -40 -32 36 0 71 107 0 62 64 0 46 0 53 60 41 0 -72 33 25 79 0 0 0 0 0 -47 0 0 0 50 70 -38 0 33 -109 35 30 0 25 0 0 25 -24 0 -40 29 0 -22
0 50 0 0 -44 -54 0 0 0 0 0 0 37 50 -29 29 -68 0 0 38 22 0 28 0 0 0 52 0 0 0 -26 -44 36 -34 -52 0 0 34 0 0 -29 0 -36 0 0 0 0 0 0 0 0 0 35 0 -20 -128 27 0 0 -72 30 -67 -36 -52
127 0 0 0 0 0 0 0 0 0 0 0 0 0 0 0 0 0 0 0 0 0 0 0 0 0 0 0 0 0 0 0 0 0 0 0 0 0 0 0 0 0 0 0 0 0 0 0 0 0 0 0 0 0 0 0 0 0 0 0 0 0 0 0
0 0 -62 0 70 0 54 0 82 -72 0 0 0 0 0 59 35 -43 0 -44 0 0 60 -75 -93 -30 0 0 127 46 0 -84 0 47 36 -37 0 0 0 0 0 0 -35 31 33 0 0 0 0 0 0 0 0 0 -68 -54 -83 0 0 45 0 -43 -53 -111
39 42 -20 -57 0 0 0 0 0 -124 0 -97 53 -76 0 -49 21 0 0 0 45 0 -47 0 -29 0 -55 0 49 82 0 26 -35 50 52 69 32 -36 0 0 -43 0 0 -33 -19 0 34 36 0 0 0 -20 -45 0 -77 68 -96 30 0 127 -30 0 -49 -31
0 0 0 0 116 -63 39 0 0 -102 38 -127 0 -115 0 85 89 0 0 0 0 0 0 0 -42 0 0 0 0 127 0 -57 -94 0 0 40 -80 0 45 -69 0 0 0 65 0 0 0 0 -42 0 52 0 -64 -48 0 0 -79 0 0 55 0 0 37 -60
34 0 0 0 -36 0 47 -43 -44 0 79 -61 0 -51 37 0 -49 -56 125 0 63 36 -61 0 0 0 0 0 -82 74 0 0 0 0 0 0 76 -66 -36 0 50 0 0 0 68 0 -66 0 -47 0 -36 -68 -52 0 127 60 38 0 0 43 -52 93 0 40
-60 16 25 19 0 22 -27 -25 35 -64 0 -57 -21 28 -128 -12 86 23 0 21 0 0 0 58 14 0 16 0 0 23 0 0 57 12 -36 -61 17 12 0 28 0 0 36 0 0 0 -38 16 15 0 -47 -63 21 0 0 54 0 0 -12 0 61 -49 20 0
0 64 -39 39 0 -26 -30 -71 38 0 0 0 52 0 0 35 0 0 0 -65 0 30 -17 20 0 -21 -24 0 0 71 0 53 -27 0 0 -33 0 0 -42 0 0 -28 -23 0 -40 64 0 0 -39 87 0 -26 0 0 37 0 85 -25 127 29 0 -37 35 0
0 0 -60 0 23 16 21 -16 0 -73 0 52 0 -35 0 26 26 0 -17 0 125 0 -29 127 24 -23 -55 -30 -41 -41 0 0 -19 0 0 0 0 17 17 0 0 0 -19 0 0 37 0 -52 0 0 32 0 -27 0 0 -45 49 0 0 -111 -50 47 0 0
-128 0 0 0 0 0 0 0 0 0 0 0 0 0 0 0 0 0 0 0 0 0 0 0 0 0 0 0 0 0 0 0 0 0 0 0 0 0 0 0 0 0 0 0 0 0 0 0 0 0 0 0 0 0 0 0 0 0 0 0 0 0 0 0
-127 0 0 0 0 0 0 0 0 0 0 0 0 0 0 0 0 0 0 0 0 0 0 0 0 0 0 0 0 0 0 0 0 0 0 0 0 0 0 0 0 0 0 0 0 0 0 0 0 0 0 0 0 0 0 0 0 0 0 0 0 0 0 0
127 0 0 0 0 0 0 0 0 0 0 0 0 0 0 0 0 0 0 0 0 0 0 0 0 0 0 0 0 0 0 0 0 0 0 0 0 0 0 0 0 0 0 0 0 0 0 0 0 0 0 0 0 0 0 0 0 0 0 0 0 0 0 0
-128 0 0 0 0 0 0 0 0 0 0 0 -47 22 0 0 0 0 0 0 -35 0 -32 0 19 0 0 0 -20 -18 17 -26 -24 0 0 -39 0 0 -27 0 0 0 -51 0 0 0 0 0 0 0 -22 0 0 0 0 0 0 0 39 0 -24 0 0 0
-128 0 0 0 0 0 0 0 0 0 0 0 0 0 0 0 0 0 0 0 0 0 0 0 0 0 0 0 0 0 0 0 0 0 0 0 0 0 0 0 0 0 0 0 0 0 0 0 0 0 0 0 0 0 0 0 0 0 0 0 0 0 0 0
-128 0 0 0 0 0 0 0 0 0 0 0 0 0 0 0 0 0 0 0 0 0 0 0 0 21 0 0 0 0 0 0 0 0 0 0 0 0 0 0 0 0 0 0 0 0 0 0 0 0 0 0 0 0 0 0 0 0 0 0 0 0 0 0
41 21 0 0 -21 -57 45 0 102 25 54 0 0 -39 -43 97 52 -48 -29 0 -59 0 -32 30 -76 0 -61 -32 -23 0 0 0 0 52 -49 0 0 -31 20 -22 -28 0 87 39 0 0 -52 -44 0 0 -76 0 35 -49 -128 -64 24 0 23 0 85 0 45 -72
0 -39 81 -109 -49 -20 0 94 36 0 89 0 -112 0 0 -17 0 -30 0 112 0 -43 -23 0 0 -128 43 -70 -18 -34 0 0 0 0 0 -35 0 -30 0 -88 37 83 47 0 -27 -53 -17 0 72 0 -31 0 16 -53 33 18 -72 0 20 0 0 38 21 0
0 30 0 -19 0 90 34 0 46 -29 0 -42 0 -38 -100 20 82 0 0 0 0 32 -29 25 0 0 0 0 0 0 0 -30 -19 104 86 111 0 0 35 -45 22 0 26 0 0 0 -23 0 -29 0 -19 -63 -38 -33 -42 -61 0 32 0 25 127 27 0 19
-128 0 0 0 0 0 0 0 0 0 0 0 0 0 0 0 0 0 0 0 0 0 0 0 0 0 0 0 0 0 0 0 0 0 0 0 0 0 0 0 0 0 0 0 0 0 0 0 0 0 0 0 0 0 0 0 0 0 0 0 0 0 0 0
0 -42 31 -31 0 0 -33 127 45 0 -28 -23 0 0 0 0 0 47 40 48 0 0 0 23 0 0 24 -25 0 0 0 0 35 0 0 27 42 21 72 -43 0 -113 34 0 -46 -58 53 44 0 -57 0 19 0 -24 0 20 -73 0 101 0 0 41 0 21
40 29 23 0 0 -127 0 49 -80 0 0 63 0 28 -20 0 0 0 0 0 29 0 32 -34 83 0 27 49 80 -86 0 47 0 -28 -24 0 96 38 0 0 0 -24 0 -23 0 -19 -53 73 -31 22 43 22 50 0 26 0 70 0 -59 -62 0 29 0 31
16 -20 -12 12 59 13 28 -25 13 0 0 19 0 0 0 -17 0 -11 15 0 -16 0 -28 20 10 -14 0 0 24 -37 0 -49 0 0 23 0 -24 -127 -26 29 10 0 -44 0 0 0 -11 0 0 0 0 -26 24 81 -37 44 0 0 34 27 0 82 -12 0
-128 0 0 0 0 0 0 0 0 0 0 0 0 0 0 0 0 0 0 0 0 0 0 0 0 0 0 0 0 0 0 0 0 0 0 0 0 0 0 0 0 0 0 0 0 0 0 0 0 0 0 0 0 0 0 0 0 0 0 0 0 0 0 0
29 11 0 -13 34 16 63 -26 127 0 0 28 -21 -14 0 27 0 0 13 0 0 0 17 0 -35 13 16 0 13 0 17 -16 0 0 33 -37 0 41 0 0 0 0 0 0 0 20 0 -27 0 0 0 -13 17 33 21 0 -21 0 0 36 0 0 -32 -41
0 30 0 0 0 22 72 0 -20 0 0 -18 0 -41 -67 53 19 0 0 0 0 0 0 34 0 0 0 0 46 89 0 -31 0 -35 0 0 -44 0 0 0 -24 0 0 -85 0 0 0 48 0 28 -34 -51 0 26 -26 127 34 0 19 40 -18 0 0 0
33 0 -32 -64 0 88 -62 71 0 0 -35 123 0 0 -39 -128 0 101 0 84 0 0 53 0 0 0 -42 0 0 -78 0 -33 39 -63 0 0 0 -38 -33 33 -37 0 -40 -68 0 0 66 -62 43 54 66 -37 0 0 -61 -60 75 0 0 -87 36 -51 -76 0
0 -50 -78 -70 0 -41 0 0 46 0 0 53 -95 63 -48 -90 68 -124 0 -47 41 0 -64 0 -61 0 0 0 -96 0 53 0 0 96 0 0 84 0 0 -64 0 -84 -113 0 -110 -48 -60 0 -48 0 0 80 0 -128 88 0 0 0 -51 0 -41 71 0 -47
0 -127 0 0 0 -30 0 0 0 22 39 44 -64 -31 0 0 -27 22 0 -22 0 45 0 0 72 44 -28 0 34 0 0 0 -23 -101 -67 -38 -36 -33 0 0 0 0 0 -99 0 21 64 0 -23 40 -24 0 0 0 0 80 122 0 -24 -96 0 0 -52 0
-127 0 0 0 0 0 0 0 0 0 0 0 0 0 0 0 0 0 0 0 0 0 0 0 0 0 0 0 0 0 0 0 0 0 0 0 0 0 0 0 0 0 0 0 0 0 0 0 0 0 0 0 0 0 0 0 0 0 0 0 0 0 0 0
-33 0 0 0 -50 -92 -50 39 94 -127 0 0 39 -58 55 -49 0 0 73 0 -31 0 -85 0 54 -91 -70 0 -63 87 0 0 -61 0 0 27 60 -44 0 -105 25 -38 103 0 0 0 0 0 0 -28 -59 88 -113 0 0 -91 0 0 0 0 0 0 27 -60
-37 0 0 0 49 36 -24 -24 -42 -34 0 -31 -49 27 -128 -43 65 0 0 25 -28 0 0 0 29 -23 32 0 0 0 0 -21 21 57 0 0 30 20 0 -23 0 0 14 52 -25 -20 -24 -25 0 0 -35 -61 0 0 0 0 -14 -16 0 0 117 0 15 34
76 0 0 0 -49 -79 65 0 -28 23 0 -23 0 0 0 42 23 -32 0 0 0 0 0 0 0 0 34 0 0 0 -128 -27 0 0 46 23 -37 0 0 0 0 0 26 0 -37 0 0 27 0 0 0 23 0 0 -42 0 0 79 -26 -52 0 0 0 -54
127 0 0 0 0 0 0 0 0 0 0 0 0 0 0 0 0 0 0 0 0 0 0 0 0 0 0 0 0 0 0 0 0 0 0 0 0 0 0 0 0 0 0 0 0 0 0 0 0 0 0 0 0 0 0 0 0 0 0 0 0 0 0 0
70 25 -49 21 0 -128 0 54 -24 39 0 81 -67 51 101 0 -41 -31 25 38 0 0 0 0 0 -53 53 0 0 -36 32 0 24 -32 -49 -53 0 -31 0 -32 -24 0 0 -84 0 -63 -40 26 0 43 44 108 40 0 21 50 52 -31 -42 -44 -116 25 45 38
-79 17 13 12 -24 -15 21 0 -37 -128 -22 -26 0 -30 15 22 61 0 0 0 68 0 -62 -34 0 -13 0 -25 13 0 -13 31 -22 0 -37 15 -25 0 16 42 -37 0 -42 29 0 0 0 0 0 0 52 35 -18 0 0 0 0 0 20 0 -67 18 0 0
-128 0 0 0 0 0 0 0 0 0 0 0 0 0 0 0 0 0 0 0 0 0 0 0 0 0 0 0 0 0 0 0 0 0 0 0 0 0 0 0 0 0 0 0 0 0 0 0 0 0 0 0 0 0 0 0 0 0 0 0 0 0 0 0
0 0 0 0 0 0 0 0 0 0 0 0 0 0 0 0 0 0 0 0 0 0 0 0 0 0 0 0 0 0 0 0 0 0 0 0 0 0 0 0 0 0 0 0 0 0 0 0 0 0 0 0 0 0 0 0 0 0 0 0 0 0 0 0
-128 0 0 0 0 0 0 0 0 0 0 0 0 0 0 0 0 0 0 0 0 0 0 0 0 0 0 0 0 0 0 0 0 0 0 0 0 0 0 0 0 0 0 0 0 0 0 0 0 0 0 0 0 0 0 0 0 0 0 0 0 0 0 0
0 0 0 0 0 0 0 -62 0 0 0 0 0 0 0 0 0 -89 0 -64 0 0 0 0 0 -69 0 0 0 0 0 0 0 0 0 0 0 0 0 0 0 0 0 0 0 0 0 0 0 0 0 0 0 0 0 0 0 0 -127 0 0 0 0 0
0 -60 50 -85 39 0 0 41 0 -128 0 0 0 0 0 -41 0 0 -44 0 115 0 0 0 0 0 0 0 0 -38 0 0 124 0 0 -52 -35 34 61 0 0 75 50 0 0 0 0 0 124 -39 -82 0 -84 55 -64 -49 -110 38 0 0 0 0 0 -42
-128 0 0 0 0 0 0 0 0 0 0 0 0 0 0 0 0 0 0 0 0 0 0 0 0 0 0 0 0 0 0 0 0 0 0 0 0 0 0 0 0 0 0 0 0 0 0 0 0 0 0 0 0 0 0 0 0 0 0 0 0 0 0 0
17 49 -83 107 0 0 0 -42 0 0 -128 -31 102 -30 -14 15 20 22 0 -65 23 86 0 0 18 121 0 86 0 30 0 20 0 38 16 14 21 0 0 26 0 -64 -41 0 37 64 0 0 -47 0 0 0 22 27 0 0 80 -15 -18 0 0 -22 -40 -16
-128 0 0 0 0 0 0 0 0 0 0 0 0 0 0 0 0 0 0 0 0 0 0 0 0 0 0 0 0 0 0 0 0 0 0 0 0 0 0 0 0 0 0 0 0 0 0 0 0 0 0 0 0 0 0 0 0 0 0 0 0 0 0 0
-128 0 0 0 0 0 0 0 0 0 0 0 0 0 0 0 0 0 0 0 0 0 0 0 0 0 0 0 0 0 0 0 0 0 0 0 0 0 0 0 0 0 0 0 0 0 0 0 0 0 0 0 0 0 0 0 0 0 0 0 0 0 0 0
-128 0 0 0 0 0 0 0 0 0 0 0 0 0 0 0 0 0 0 0 0 0 0 0 0 0 0 0 0 0 0 0 -47 0 0 0 0 0 0 0 0 0 0 0 0 0 0 0 0 0 0 0 0 0 0 0 0 0 0 0 0 0 0 0
0 0 0 -19 35 0 0 0 -16 19 -14 0 0 -12 0 -42 0 0 -15 23 0 20 0 -29 24 0 -127 0 26 -63 0 35 0 0 0 0 0 -49 0 -13 12 -23 20 0 0 0 -27 -34 0 35 0 -28 0 22 -44 72 26 0 0 0 -14 36 -53 0
127 0 0 0 0 0 0 0 0 0 0 0 0 0 0 0 0 0 0 0 0 0 0 0 0 0 0 0 0 0 0 0 0 0 0 0 0 0 0 0 0 0 0 0 0 0 0 0 0 0 0 0 0 0 0 0 0 0 0 0 0 0 0 0
24 -57 44 -70 0 -35 0 53 0 0 0 0 40 0 0 19 26 0 0 90 0 0 0 0 -26 0 24 46 0 0 -128 25 -41 31 0 36 0 0 0 40 0 50 -25 0 -82 -35 29 0 -32 -24 20 0 0 0 0 0 -51 117 0 0 0 43 41 -25
28 0 -27 -20 0 105 -43 0 0 0 0 66 61 0 0 0 -28 0 0 -41 -34 -27 -22 90 0 26 0 0 -57 -93 0 0 0 0 -28 0 0 -33 0 0 -43 0 -37 -32 0 0 0 -87 -41 0 24 -36 0 0 62 0 44 0 46 -127 -20 90 0 0
0 0 49 0 -43 -40 127 70 109 40 0 52 -32 -42 -37 43 0 0 56 70 0 0 36 87 0 -37 -58 0 47 87 56 0 0 33 -37 0 -59 0 62 0 0 0 0 0 -57 0 0 39 0 0 0 0 32 -55 71 0 0 99 0 69 0 0 0 -76
42 45 -37 51 0 63 0 0 0 41 -35 0 -65 0 127 -44 -39 0 0 27 53 0 35 0 -74 -31 31 -32 0 -55 0 0 0 0 113 -43 55 0 0 0 0 0 -48 -72 -44 0 0 0 0 0 90 84 34 0 -25 0 0 0 0 0 -84 0 41 0
-128 0 23 0 0 0 0 0 0 0 0 0 0 0 0 0 0 0 0 0 0 0 0 0 0 0 0 0 0 0 0 0 0 0 0 0 0 0 0 0 0 0 0 0 0 0 0 0 0 0 0 0 0 0 0 0 0 0 0 0 0 0 0 0
0 23 0 0 -111 -53 0 0 70 0 24 -86 0 -124 0 0 -43 0 0 37 0 0 41 0 0 26 -38 0 -50 42 24 0 0 42 0 0 40 -128 0 -89 -30 -25 120 27 -78 -28 0 0 -27 23 -51 -48 0 0 0 0 0 0 56 -38 0 54 0 22
0 0 0 0 0 0 0 0 0 0 0 0 0 0 0 0 0 0 0 0 0 0 0 0 0 0 0 0 0 0 0 0 0 0 0 0 0 0 0 0 0 0 0 0 0 0 0 0 0 0 0 0 0 0 0 0 0 0 0 0 0 0 0 0
-127 0 0 0 0 0 45 0 0 0 0 0 -47 0 0 0 0 -42 0 0 0 0 0 0 0 0 39 0 0 0 0 47 0 33 0 0 0 0 0 0 0 0 0 0 0 0 0 0 0 0 0 0 0 -40 0 0 0 0 -128 -33 0 0 0 0
-48 -27 0 0 -15 -18 0 0 22 -38 0 0 14 0 69 30 -16 0 45 -28 70 -20 -17 -17 0 0 0 0 23 0 0 26 -39 -33 0 25 -82 0 0 0 -23 -22 29 -38 0 0 0 0 27 0 52 127 0 0 37 0 17 0 -31 0 -23 18 0 -20
127 0 0 0 0 0 0 0 0 0 0 0 0 0 0 0 0 0 0 0 0 0 0 0 0 0 0 0 0 0 0 0 0 0 0 0 0 0 0 0 0 0 0 0 0 0 0 0 0 0 0 0 0 0 0 0 0 0 0 0 0 0 0 0
62 -39 0 51 0 -38 0 -21 42 63 0 -69 -57 0 0 -26 0 34 -47 0 -42 0 0 57 -69 0 43 0 0 -71 0 37 89 0 -42 -128 -53 0 0 -47 0 0 0 27 -31 0 -22 80 27 0 49 26 85 0 -25 80 34 0 0 -56 -27 0 0 33
0 0 0 54 -40 0 -38 62 0 -30 -51 30 -30 0 -69 0 60 110 -53 0 -49 0 0 0 -34 39 0 0 0 -96 0 0 37 0 0 -61 -29 -32 50 41 0 0 -52 0 0 0 27 52 41 0 127 -83 -45 0 -53 -88 0 -40 81 -43 28 0 0 27
0 0 0 0 0 0 -35 29 -24 0 0 -20 0 0 23 0 0 0 108 0 24 20 32 21 25 -20 65 0 -127 21 35 25 0 0 0 30 50 0 0 -20 0 -26 0 0 20 0 55 -24 0 0 0 0 0 33 0 0 0 -75 0 -23 -40 34 0 65
0 -41 0 -26 -30 39 0 0 -120 75 0 0 127 0 35 68 0 126 -88 -42 -39 -24 0 0 58 0 -80 0 0 0 -50 -34 28 0 0 0 -93 -30 -63 53 0 42 74 -105 48 0 0 40 0 -41 0 0 -54 36 -26 0 0 0 97 41 45 -58 0 -77
0 -69 110 -128 0 0 47 84 0 0 0 54 0 0 0 110 0 0 37 72 -77 0 0 0 59 35 0 -55 105 0 56 83 -74 0 -86 60 0 -45 0 42 0 -36 0 0 -76 0 0 105 0 -58 70 0 0 0 0 0 -93 -53 0 0 0 56 -51 0
0 -87 0 0 0 -81 124 51 85 0 0 -47 0 0 0 0 -66 -115 0 0 0 0 -128 0 0 0 74 0 0 0 0 0 0 50 0 -112 0 0 0 0 0 0 0 0 0 -103 0 0 0 0 0 0 65 -85 0 -77 -85 0 0 0 0 84 96 -99
0 61 21 0 -89 0 -22 0 59 0 0 0 -33 0 0 59 0 -23 -29 0 0 0 0 47 -35 0 50 0 -33 -43 0 0 41 71 59 -36 0 94 -35 32 0 0 0 127 -62 0 0 -42 0 0 55 0 67 31 0 -112 -29 -22 -31 -52 -29 -44 0 0
-117 28 0 27 49 -28 -56 0 -62 -104 -42 -117 -40 -43 -33 0 -28 46 -44 0 -38 0 -80 0 -36 -29 0 28 0 -62 0 -37 -37 82 0 -82 0 0 -25 -128 0 0 41 75 25 0 0 0 0 -53 0 -35 36 -30 26 0 0 0 92 0 -104 35 26 51
0 38 -18 0 0 0 42 0 0 0 31 -25 0 0 0 0 0 0 0 -21 0 127 0 0 0 48 26 34 0 -33 23 0 -37 0 0 18 0 0 0 17 0 0 0 0 78 81 22 0 0 -90 0 0 21 0 0 0 -21 0 -38 0 0 0 0 0
-128 0 0 0 0 0 0 0 0 0 0 0 0 0 0 0 0 -33 0 0 0 0 0 0 0 0 61 0 0 0 0 0 0 0 0 0 0 0 0 -33 0 0 0 0 0 0 0 0 0 0 0 0 0 0 0 0 0 37 -79 0 0 0 0 0
18 28 38 0 38 0 37 0 0 26 0 -21 -20 -33 0 74 -23 0 30 -21 22 0 48 0 39 0 35 0 33 127 0 19 0 -39 -19 0 -30 0 31 0 0 0 0 -49 0 0 69 -22 0 0 -21 0 -52 -22 -56 80 -20 0 -27 49 37 0 0 -42
0 -25 -44 70 27 0 46 -51 79 -23 -28 0 0 32 0 24 0 36 -91 0 -41 0 35 0 -78 0 0 0 68 -127 39 0 25 42 36 -93 -26 0 0 0 -21 0 0 0 -39 0 -91 0 0 28 123 0 48 0 -69 -72 36 0 35 0 40 0 0 -44
47 0 -50 82 0 0 0 -40 0 -46 -38 0 40 0 0 48 0 54 0 -46 0 0 0 0 0 38 0 0 0 0 61 28 0 0 0 0 -40 0 -41 64 0 -62 0 33 0 127 35 0 0 0 0 0 0 0 0 0 72 -52 0 0 0 0 0 -46
0 25 -27 0 0 -67 62 -39 127 0 38 0 44 -117 -27 0 -38 0 0 0 30 0 -26 44 0 0 0 0 -29 0 0 -71 0 27 -50 -26 0 -26 -33 72 0 25 -32 0 48 0 0 -67 0 -37 0 -81 75 75 0 0 32 0 -45 0 -47 0 0 0
127 0 0 0 0 0 0 0 0 0 0 0 0 0 0 0 0 0 0 0 0 0 0 0 0 0 0 0 0 0 0 0 0 0 0 0 0 0 0 0 0 0 0 0 0 0 0 0 0 0 0 0 0 0 0 0 0 0 0 0 0 0 0 0
0 -36 37 0 0 -111 79 0 0 0 0 48 56 -37 -53 48 40 0 0 0 -41 67 -45 0 127 0 0 0 -37 0 0 0 -35 0 -51 0 0 0 0 0 0 0 0 0 0 0 0 0 0 0 0 -48 0 55 -88 78 0 0 45 -69 46 0 30 -69
0 46 0 0 106 43 -51 24 88 -40 0 -27 0 -20 53 -46 -33 0 33 0 -29 0 -24 0 -29 0 -128 0 0 -21 0 0 0 -40 35 0 -32 -76 0 -46 0 0 38 0 25 0 0 0 0 0 42 0 0 -33 56 -38 26 0 0 0 0 86 29 0
127 0 0 0 0 0 0 0 0 0 0 0 0 0 0 0 0 0 0 0 0 0 0 0 0 0 0 0 0 0 0 0 0 0 0 0 0 0 0 0 0 0 0 0 0 0 0 0 0 0 0 0 0 0 0 0 0 0 0 0 0 0 0 0
0 84 -65 85 -57 0 0 -121 0 42 85 0 -43 0 0 0 0 -69 -66 0 0 37 -67 0 -42 0 0 0 48 0 -36 -108 0 75 -49 0 0 -49 -65 0 49 0 0 47 68 74 -97 -64 60 0 -42 -76 101 0 75 -50 127 -62 0 0 -58 -77 -68 0
32 -43 33 -49 53 0 0 31 35 0 0 -20 0 24 -29 -52 0 48 -21 0 53 0 0 0 0 68 29 54 23 0 0 -29 113 0 22 0 0 0 0 -27 -39 60 0 32 -75 -37 46 0 127 -69 -78 68 0 0 0 0 -81 25 0 0 0 49 41 27
127 0 0 0 0 0 0 0 0 0 0 0 0 0 0 0 0 0 0 0 0 0 0 0 0 0 0 0 0 0 0 0 0 0 0 0 0 0 0 0 0 0 0 0 0 0 0 0 0 0 0 0 0 0 0 0 0 0 0 0 0 0 0 0
0 55 -61 66 0 30 54 -128 0 0 0 0 -101 -40 42 0 0 0 33 -75 0 51 32 0 40 -32 0 -34 42 0 0 0 0 64 0 0 0 0 63 0 0 0 40 -50 0 0 0 56 -84 37 0 0 0 0 0 -30 66 0 -84 0 0 -32 -62 0
-128 0 0 0 0 0 0 0 0 0 0 0 0 0 0 0 0 0 0 0 0 0 0 0 0 0 0 0 0 0 0 0 0 0 0 0 0 0 0 0 0 0 0 0 0 0 0 0 0 0 0 0 0 0 0 0 0 0 0 0 0 0 0 0
-13 0 0 -63 -123 0 -27 18 39 40 0 -50 37 0 0 -31 0 33 13 -19 53 -25 17 -52 16 27 -93 0 48 29 0 0 36 29 -25 46 0 -128 0 -56 -14 21 60 0 0 0 0 -13 0 13 48 0 24 -15 64 -44 0 0 -35 0 0 -36 -49 18
78 0 73 -31 -65 48 -40 27 -81 0 0 0 0 0 -65 0 115 0 125 37 0 -31 51 0 35 0 0 28 0 0 0 -78 -74 -39 0 60 0 -35 -42 0 -32 -40 38 -41 0 0 59 0 0 -28 -43 0 -36 0 127 0 0 0 0 0 53 0 0 0
127 0 0 0 0 0 0 0 0 0 0 0 0 0 0 0 0 0 0 0 0 0 0 0 0 0 0 0 0 0 0 0 0 0 0 0 0 0 0 0 0 0 0 0 0 0 0 0 0 0 0 0 0 0 0 0 0 0 0 0 0 0 0 0
13 -55 58 -49 0 21 42 79 0 0 0 0 -34 -31 0 0 0 -16 0 59 25 0 0 0 0 0 27 19 34 -19 0 -23 0 0 -16 14 12 0 14 35 25 13 0 0 37 -25 -27 -23 31 -53 14 19 0 12 0 -12 -85 0 -128 -19 0 49 0 -23
127 0 0 0 0 0 0 0 0 0 0 0 0 0 0 0 0 0 0 0 0 0 0 0 0 0 0 0 0 0 0 0 0 0 0 0 0 0 0 0 0 0 0 0 0 0 0 0 0 0 0 0 0 0 0 0 0 0 0 0 0 0 0 0
40 -68 99 -113 -45 -85 76 64 -89 88 0 0 0 -80 -78 0 0 -66 0 0 0 -46 -74 38 -79 0 0 -41 54 0 0 -89 -65 0 -63 -78 0 -54 50 -56 72 97 0 0 0 0 0 -115 0 -74 -85 -80 0 0 59 -52 -128 -86 0 39 -66 38 0 0
-128 0 0 0 0 0 0 0 0 0 0 0 0 0 0 0 0 0 0 0 0 0 0 0 0 0 0 0 0 0 0 0 0 0 0 0 0 0 0 0 0 0 0 0 0 0 0 0 0 0 0 0 0 0 0 0 0 0 0 0 0 0 0 0
-59 0 -27 35 0 0 0 0 95 58 0 -64 0 -47 120 0 -91 0 -41 0 -33 -28 72 29 -128 23 0 27 -73 0 0 0 0 -67 68 0 -95 0 39 -20 31 0 32 0 34 0 21 0 47 0 23 99 25 -45 -97 51 -47 -25 0 24 -23 -57 0 -30
-128 0 0 0 0 0 0 0 0 0 0 0 0 0 0 0 0 0 0 0 0 0 0 0 0 0 0 0 0 0 0 0 0 0 0 0 0 0 0 0 0 0 0 0 0 0 0 0 0 0 0 0 0 0 0 0 0 0 -13 0 0 0 0 0
-47 -57 77 0 0 49 -49 40 0 -45 -45 -128 0 0 0 0 0 30 30 0 -54 57 -90 -51 0 -42 77 0 -44 -37 -44 -116 35 61 -56 -61 60 -76 -64 31 -54 38 0 0 48 34 31 0 0 -43 0 -114 82 -44 123 -31 75 -59 -42 0 70 92 0 -41
0 0 0 0 76 0 0 58 -67 0 0 0 0 77 -72 0 0 65 -58 127 0 0 83 0 0 55 0 0 0 -90 0 74 0 0 0 0 0 0 0 0 0 72 0 65 0 0 0 71 69 0 0 -78 76 0 0 0 0 0 0 0 57 72 0 0
59 -80 0 -37 48 99 -39 0 0 0 0 -108 51 0 0 44 -77 -53 49 -55 49 -58 0 -92 0 0 55 41 0 -54 0 0 0 -50 -57 -94 127 -67 0 0 -45 0 -48 0 0 0 0 -101 40 0 -39 -41 92 0 42 0 40 0 0 74 -67 68 0 -51
0 0 0 26 18 30 0 0 -44 0 -45 -19 0 17 15 36 -24 -14 73 0 0 13 -28 20 -32 -13 -13 0 14 0 -12 -13 0 0 -13 -15 60 25 -17 0 0 0 0 0 -14 -13 18 15 0 0 14 0 46 0 127 27 28 0 -16 0 0 26 30 74
-128 0 0 0 0 0 0 0 0 0 0 0 0 0 0 0 0 0 0 0 0 0 0 0 0 0 0 0 0 0 0 0 0 0 0 0 0 0 0 0 0 0 0 0 0 0 0 0 0 0 0 0 0 0 0 0 0 0 0 0 0 0 0 0
-128 -63 -16 27 31 16 0 -17 0 0 0 15 0 0 73 -25 0 51 0 -36 0 0 0 0 -16 31 22 0 -22 0 0 -59 -35 -34 -26 -21 0 0 0 0 0 0 0 -69 36 0 0 16 55 0 -20 41 0 0 46 0 29 0 0 0 -38 0 16 0
0 -31 40 -54 0 0 -14 63 0 0 0 0 17 28 -20 0 0 0 0 66 16 -41 0 0 0 16 22 -22 0 -18 127 15 0 0 -14 0 23 0 38 0 29 59 -28 0 -72 0 0 0 59 -51 0 16 0 -34 0 0 -44 -114 0 0 0 42 -34 0
28 -61 106 -128 36 0 -18 25 0 22 0 -18 97 -23 0 31 19 45 0 97 31 -57 0 0 0 118 0 97 37 0 65 0 -26 0 0 21 32 0 -120 97 27 45 -30 0 -71 -64 0 0 70 0 26 0 0 0 0 0 -82 0 0 -24 0 78 69 -37
0 0 0 -54 33 127 -36 0 42 0 37 -40 0 0 25 -56 -71 0 29 0 0 0 31 0 -68 0 -108 0 0 0 0 0 -31 0 80 0 -34 -58 0 0 -37 -55 0 0 0 0 36 -30 34 35 0 0 0 0 38 0 0 0 0 105 0 -28 -55 26
0 26 33 -39 0 -34 26 -21 0 0 16 26 0 0 -43 0 67 0 24 15 0 41 0 0 127 0 0 0 -39 0 19 0 -25 0 -41 48 0 0 13 -13 0 0 22 24 -20 0 0 25 -42 0 -30 -34 -18 0 -34 0 0 0 -14 14 93 0 0 -24
0 74 0 0 0 0 0 0 -48 0 60 0 0 0 0 0 -39 112 0 0 0 40 0 0 0 0 -40 -44 -43 0 -51 -52 0 0 0 0 0 63 0 0 0 0 0 0 -71 31 0 -36 -36 127 0 -34 0 0 -85 0 57 -41 68 0 0 0 0 0
37 -25 0 0 -42 44 124 0 28 41 0 -34 0 -71 -60 103 0 0 0 0 53 -23 0 56 0 -21 63 31 0 127 0 -34 0 0 35 0 0 0 0 25 0 0 -41 -95 0 -24 0 -49 0 0 27 -55 -39 0 -20 -45 19 0 -44 -98 -49 -30 -25 -71
127 0 31 0 91 40 0 0 -65 0 0 58 -87 0 0 -36 -58 0 38 0 0 0 -72 0 0 -115 -36 -40 86 0 -57 0 -42 0 0 0 47 0 0 -99 0 0 -91 0 0 0 0 0 0 0 -34 0 -48 0 0 0 0 45 0 0 -47 34 0 31
-128 0 0 0 0 0 0 0 0 0 0 0 0 0 0 0 0 0 0 0 0 0 0 0 0 0 0 0 0 0 0 0 0 0 0 0 0 0 0 0 0 0 0 0 0 0 0 0 0 0 0 0 0 0 0 0 0 0 0 0 0 0 0 0
127 0 0 0 0 0 0 0 0 0 0 0 0 0 0 0 0 0 0 0 0 0 0 0 0 0 0 0 0 0 0 0 0 0 0 0 0 0 0 0 0 0 0 0 0 0 0 0 0 0 0 0 0 0 0 0 0 0 0 0 0 0 0 0
127 0 0 0 0 0 0 0 0 0 0 0 0 0 0 0 0 0 0 0 0 0 0 0 0 0 0 0 0 0 0 0 0 0 0 0 0 0 0 0 0 0 0 0 0 0 0 0 0 0 0 0 0 0 0 0 0 0 0 0 0 0 0 0
-53 0 56 0 -64 79 61 127 0 0 0 0 0 108 0 54 79 88 0 81 0 0 0 0 0 110 0 96 0 0 0 55 0 0 0 0 -77 0 0 0 0 0 -99 0 0 0 0 0 53 0 0 0 0 -95 0 0 0 78 0 0 0 0 0 0
45 -54 0 -31 -20 -128 70 45 -36 77 0 109 0 -40 -22 0 0 -31 0 24 21 20 0 -52 110 0 41 0 98 -39 0 0 36 -39 -117 -93 0 54 25 0 0 0 0 -69 -28 -20 0 89 0 58 49 0 26 31 -37 85 58 0 -27 -116 48 0 -19 -38
