0 0 0 -8 -14 -14 -24 0 0 0 7 0 -7 -13 7 8 0 20 34 21 17 8 0 -15 -16 0 13 22 0 9 0 -19 -43 -26 0 0 16 21 28 8 -11 0 -27 -11 0 11 12 8 0 0 0 8 18 18 15 0 0 6 23 44 53 49 40 -15 -25 -30 0 41 56 59 -13 -41 -83 -106 -84 -26 14 10 0 -28 -81 -128 -102 -47 28 46 51 43 0 -42 -43 0 26 47 71 62 37 8 0 0 0 11 9 9 0 0 0 17 36 42 40 37 -21 -34 -33 0 36 47 50 -9 -36 -73 -86 -67 -19 13 9 0 -25 -65 -105 -85 -41 24 37 44 40 0 -42 -42 0 22 41 71 64 38 8
19 11 15 6 7 13 18 17 0 6 -12 -14 -6 0 16 0 0 -30 -36 -26 -16 6 -12 -30 -58 -68 -60 -48 7 -15 -31 -66 -71 -67 -57 16 -6 -16 -53 -66 -55 -46 17 0 -14 -36 -45 -40 -29 -28 -20 -20 -8 -10 -23 -25 -20 -11 0 17 17 7 0 -26 -7 9 46 58 45 24 -11 17 42 96 114 96 66 -11 18 47 104 127 105 72 -18 0 36 83 102 89 57 -29 -8 11 50 63 52 33 12 13 0 6 10 8 12 10 9 0 -5 0 0 7 7 0 0 -15 -20 -20 -7 10 0 -19 -28 -44 -42 -13 8 0 -22 -39 -50 -47 -17 10 0 -15 -34 -42 -35 -13 15 11 0 0 -12 -15 0
0 0 0 0 -29 -27 -27 0 22 0 0 0 0 -30 0 28 22 37 0 0 0 0 0 19 51 37 35 42 0 0 0 22 32 41 66 0 0 0 0 0 17 66 -17 0 0 0 0 25 77 0 0 0 0 0 32 43 0 0 0 0 24 46 34 0 0 0 27 36 48 40 0 -41 -57 0 0 24 27 0 -38 -74 -59 -43 -21 0 0 0 -42 -65 -76 -63 -21 25 20 0 -27 -45 -35 0 0 -32 -28 0 0 38 40 0 -51 -55 -38 0 0 0 0 -30 -44 0 0 0 0 0 -71 -88 -54 -49 -50 -63 0 -44 -79 -75 -77 -87 -96 16 0 -41 -71 -98 -128 -127 51 0 0 -31 -65 -99 -109
22 -12 0 12 10 0 0 -12 -50 -50 -48 -47 -46 -40 0 -33 -30 -28 -20 -12 -16 0 -22 0 0 0 0 0 11 15 30 31 26 24 29 10 27 37 37 33 23 15 0 22 37 31 16 10 0 23 -27 -31 -28 -23 -30 -23 -40 -97 -116 -128 -117 -101 -83 -31 -68 -76 -89 -72 -52 -47 -11 -23 -12 0 0 0 0 36 52 71 76 73 64 62 32 70 96 103 95 69 56 13 58 89 92 76 56 35 27 0 -9 0 0 -19 -12 -24 -56 -76 -81 -74 -72 -58 -25 -42 -49 -56 -43 -40 -33 -18 -21 -13 0 0 -9 0 12 33 46 51 50 37 44 0 44 61 67 63 38 29 -22 30 55 62 49 27 11
0 0 0 0 0 5 0 0 4 4 -7 -27 0 13 0 0 24 46 -11 -48 -7 -6 -17 -24 44 88 5 -19 0 0 -48 -71 26 46 8 4 19 24 -46 -47 0 12 0 -4 16 21 -8 -14 0 0 0 0 -4 -4 0 0 5 7 8 -4 -37 -13 8 0 0 30 68 0 -57 -18 -14 -30 -33 67 127 22 -22 0 -9 -74 -87 41 69 15 8 22 12 -72 -64 5 17 5 5 23 15 -19 -21 -4 0 0 0 -6 0 5 0 0 4 0 -12 -27 0 10 0 5 20 37 -14 -39 0 -7 -13 -19 39 70 0 -13 0 0 -37 -51 25 36 0 0 14 20 -31 -34 0 8 0 -8 8 18 0 -11 0
18 -10 -15 -9 9 -11 -14 0 -43 -29 -14 23 30 39 0 -52 -46 -14 37 44 64 0 -63 -58 -16 39 50 69 0 -75 -66 -14 37 45 67 -9 -68 -55 -15 34 41 60 0 -49 -43 -18 23 26 40 16 -13 -18 -11 14 9 0 -12 -64 -52 -26 30 58 74 -27 -91 -83 -27 50 81 114 -30 -109 -101 -34 59 95 127 -25 -114 -105 -32 55 87 120 -26 -99 -89 -31 51 79 104 0 -67 -61 -24 35 56 77 9 0 0 0 0 -14 -22 0 -24 -23 -20 11 28 41 -9 -35 -45 -22 23 39 65 0 -45 -51 -23 26 45 69 0 -51 -58 -23 22 34 62 0 -44 -48 -19 25 34 52 15 -25 -32 -14 16 18 32
0 0 0 7 -15 0 8 0 -7 0 24 -38 11 12 0 -12 7 33 -76 32 8 0 -16 16 34 -87 51 4 0 -16 29 17 -77 55 -4 0 -12 24 7 -53 45 -6 0 -8 10 -5 -30 26 0 0 0 6 12 -20 -10 7 0 -4 16 32 -54 0 19 0 -11 30 46 -104 20 18 0 -12 45 41 -128 40 18 -6 -12 55 19 -116 50 12 0 -6 45 7 -80 43 6 0 0 22 -8 -47 16 0 0 0 0 9 -11 -4 0 0 -4 0 24 -29 6 5 0 -5 5 36 -58 22 0 0 -10 11 37 -66 36 0 0 -11 20 20 -62 38 -10 0 -10 18 11 -45 32 -8 0 0 15 0 -29 11 -7
0 -5 0 0 7 0 0 6 0 -13 -28 -32 -12 0 12 26 56 78 61 19 0 -18 -40 -65 -63 -12 28 21 0 10 5 -42 -92 -84 -46 5 9 40 88 97 64 26 0 -5 -18 -32 -31 -17 0 0 0 0 0 6 0 0 6 0 -6 -25 -35 -16 0 9 27 70 99 86 33 6 -29 -61 -94 -95 -32 23 18 8 12 0 -62 -123 -111 -60 10 18 58 120 127 80 28 0 -7 -23 -39 -33 -9 5 0 0 0 7 11 0 -7 0 -7 -15 -28 -30 -8 0 7 16 39 49 33 0 -9 -11 -23 -40 -32 7 30 17 7 15 15 -13 -50 -52 -28 0 0 14 53 69 43 19 -4 0 -20 -37 -34 -17 0
0 0 0 4 0 -6 -5 0 0 -7 0 12 14 0 6 10 0 -31 -36 5 19 0 0 37 55 -27 -50 -4 0 -20 -39 34 84 12 -19 0 13 -18 -68 -8 32 12 0 0 21 6 -23 -13 0 0 0 0 4 4 0 0 0 -5 -13 -15 0 14 0 10 15 9 -40 -62 -14 10 0 8 62 88 -20 -67 -20 -11 -29 -44 64 127 27 -23 0 3 -39 -83 0 44 19 0 4 19 -8 -33 -14 5 0 0 0 0 0 0 0 0 0 -7 -8 8 9 0 4 6 0 -31 -32 0 11 0 0 32 48 -20 -42 -7 -3 -14 -35 31 77 12 -17 0 12 -12 -59 -6 27 11 0 0 16 4 -19 -11 4
-10 20 29 23 0 -19 -50 13 39 62 77 78 67 34 0 0 24 38 53 48 47 0 -11 0 0 32 36 54 -26 -47 -40 -28 0 0 24 -12 -60 -77 -75 -38 -29 -13 28 -23 -60 -83 -74 -53 -27 0 29 53 50 28 0 -28 24 54 94 122 127 111 78 -10 0 44 74 91 87 88 -27 -31 0 12 41 53 82 -50 -81 -74 -63 -30 -17 18 -24 -92 -121 -126 -87 -68 -44 35 -35 -90 -126 -118 -92 -58 0 10 22 20 0 -21 -45 15 25 51 66 66 61 42 0 -12 13 25 37 37 47 -18 -29 -12 0 15 12 39 -21 -44 -31 -26 0 -14 0 0 -51 -60 -61 -31 -32 -24 59 0 -32 -53 -47 -44 -25
27 28 8 -51 -40 -17 0 18 0 -37 -101 -60 -10 16 0 -36 -67 -110 -19 43 50 -38 -68 -87 -72 53 88 64 -23 -31 -20 43 127 127 49 -11 0 26 72 103 53 -50 0 8 29 37 29 -44 -105 0 0 7 0 0 0 0 0 -7 0 -19 -9 0 0 0 -8 0 -22 8 11 0 -7 -8 -12 -18 19 9 0 0 6 0 13 26 23 10 0 8 0 12 16 9 -16 0 0 0 0 0 -13 -22 -21 -17 0 35 30 7 -6 -15 0 28 57 39 0 -17 0 21 54 59 18 -29 -36 22 46 52 32 -22 -69 -41 13 24 0 -21 -75 -76 -23 0 0 -25 -44 -65 -29 24 0 0 -21 -17 -9 25 69
0 -19 -15 0 0 0 0 0 0 0 18 0 0 0 0 0 0 16 0 0 0 0 26 31 50 44 38 33 15 42 69 119 108 65 37 16 40 57 110 95 47 32 0 25 34 46 29 18 19 0 0 0 14 15 0 0 0 0 0 0 -14 -18 -15 0 0 -26 -20 -40 -37 -26 -15 -16 0 23 0 -28 -37 0 0 48 127 96 0 -33 0 0 25 102 76 0 -29 -14 -14 -19 -14 -29 -38 -30 0 -16 0 0 0 0 0 0 0 0 0 0 0 0 0 0 -16 0 -24 0 0 0 -29 -35 -16 -34 -32 -16 0 -23 0 64 33 -20 -24 0 -17 -16 45 19 -27 0 0 -16 -29 -31 -43 -27 0
0 0 0 -16 -47 0 42 0 28 31 -19 -88 -43 37 11 57 67 0 -109 -67 42 8 77 87 0 -128 -95 18 0 76 104 18 -121 -97 0 -12 62 95 40 -86 -81 -20 -11 42 78 61 -35 -62 -27 0 0 -9 0 0 0 0 0 -11 0 0 0 0 0 0 -10 0 11 0 0 14 0 -7 0 0 0 0 10 0 -7 0 0 -9 0 8 0 0 0 0 0 0 0 0 0 0 16 14 0 8 0 0 0 12 29 0 -29 0 -20 -19 11 46 25 -25 0 -41 -42 0 62 43 -20 0 -49 -61 0 83 62 0 9 -50 -66 -9 72 63 0 11 -39 -62 -24 42 57 9 11 -30 -46 -23 31 35 18
0 0 0 0 0 0 0 0 0 0 0 0 0 0 0 0 0 0 0 0 0 0 0 0 0 0 0 0 0 0 0 0 0 0 0 0 0 0 0 0 0 0 0 0 0 0 0 0 0 0 0 0 0 0 0 0 0 0 0 0 0 0 0 0 0 0 0 0 0 0 0 0 0 0 0 0 0 0 0 0 0 0 0 0 0 0 0 0 0 0 0 0 0 0 0 0 0 0 0 0 0 0 0 0 0 0 0 0 0 0 0 0 0 0 0 0 0 0 0 0 0 0 0 0 0 0 0 0 0 0 0 0 0 0 0 0 0 0 0 0 0 0 0 0 0 0 0
-7 0 11 -17 -28 -5 29 -5 4 22 -20 -71 -67 -15 5 19 69 58 -15 -62 -36 -16 -15 63 119 81 -5 -34 -23 -63 -12 70 100 42 -4 0 -59 -64 -22 31 30 10 27 -18 -45 -50 -19 0 0 -4 0 0 0 0 0 0 0 0 0 0 0 0 0 0 0 4 0 0 0 0 0 0 7 7 6 0 0 0 -5 4 5 0 0 -5 0 -5 0 0 0 0 0 0 0 0 0 0 4 0 8 0 -13 12 28 5 -27 8 0 -20 20 73 69 18 -4 -18 -71 -61 11 59 36 15 15 -67 -127 -84 0 34 24 64 13 -74 -96 -38 10 -4 60 66 20 -28 -28 0 -30 15 44 49 18 -7 -4
0 0 4 0 0 0 0 0 8 0 -35 -7 9 7 0 0 -42 -23 62 24 -5 0 -21 -27 88 48 -48 -16 0 -7 35 55 -75 -35 14 4 8 17 -23 -40 24 8 0 0 0 -14 6 10 -8 0 0 0 -5 0 0 0 0 0 -7 -43 -4 12 6 0 -8 -53 -15 84 26 -10 -5 -32 -20 127 67 -68 -26 -4 -7 55 77 -93 -57 16 7 11 26 -29 -63 16 16 0 0 0 -23 0 13 0 0 0 0 4 4 0 -5 0 10 10 -22 -6 4 0 0 5 -31 -26 45 13 -5 0 -14 -28 64 36 -45 -12 0 -9 22 44 -60 -23 18 0 4 14 -17 -28 20 6 0 0 0 -13 4 4 -4
0 0 24 30 45 62 51 -14 0 18 34 63 86 74 -23 -55 -58 -40 11 54 54 -23 -75 -100 -114 -97 -43 0 0 -38 -71 -110 -128 -127 -90 37 32 23 -28 -59 -88 -92 60 79 84 65 56 15 -21 0 0 0 0 0 0 -9 0 0 10 10 10 8 0 0 0 -8 0 8 15 0 0 -13 -14 -15 -17 0 10 0 0 -10 -8 0 -21 -9 0 0 14 0 0 0 0 -11 0 0 9 19 11 0 0 0 -20 -24 -34 -31 -40 0 0 0 -17 -32 -42 -48 14 25 18 18 0 -16 -38 11 34 46 57 44 30 0 0 15 28 58 70 60 47 -11 -14 -11 10 23 37 43 -38 -39 -53 -43 -29 -13 0
0 0 -6 0 4 4 0 0 6 -16 0 22 0 -8 0 19 -7 -58 36 32 -18 0 6 57 -77 -54 61 4 4 -25 56 31 -93 5 20 4 -14 0 51 -20 -25 18 0 0 -7 15 7 -19 0 0 0 -6 0 5 6 0 0 9 -20 -14 25 8 -4 0 27 -8 -83 32 48 -12 0 18 75 -102 -81 71 17 0 -19 83 35 -128 -7 29 0 -18 7 67 -30 -44 17 0 -5 -6 23 12 -23 0 0 0 0 0 0 0 0 0 4 -7 0 9 -7 0 0 15 0 -38 29 13 -18 -7 0 49 -48 -29 44 -6 0 -27 39 38 -62 9 12 6 -11 -12 39 -7 -23 8 0 0 -7 7 14 -9 0
0 0 7 -9 7 0 0 0 -4 13 -21 13 -9 0 3 -15 24 -17 0 14 -7 4 0 -24 68 -88 68 -26 -12 43 -82 95 -65 21 0 -4 10 -11 6 5 -15 6 5 -10 14 -9 16 -10 0 0 0 9 -12 7 -4 0 3 -8 18 -21 18 -8 5 7 -24 33 -12 -17 18 0 9 -15 -30 98 -119 72 -21 -6 37 -101 127 -81 15 6 0 9 -22 12 11 -18 10 4 -11 12 -17 16 -15 6 0 0 6 -7 0 0 0 0 -7 10 -11 13 -10 6 6 -15 15 -9 0 5 0 5 0 -32 67 -72 56 -27 -14 43 -77 84 -52 20 -5 -5 10 -7 0 11 -9 5 0 -6 12 -12 11 -12 5
0 0 0 0 0 0 0 0 0 -9 -8 0 0 -12 0 0 -11 -16 -12 -11 -18 0 0 -10 0 7 0 -9 0 0 -10 9 17 13 0 0 0 0 0 10 11 0 -8 -7 -11 0 0 0 -8 -18 0 -11 0 0 0 0 -7 13 16 32 33 29 26 -7 12 25 47 57 52 47 0 25 48 93 104 90 77 0 32 54 101 116 109 85 0 27 47 90 101 98 76 0 24 37 72 82 74 67 22 0 0 0 0 0 9 0 -10 -11 -29 -27 -22 -20 14 0 -7 -43 -44 -38 -25 0 -28 -43 -87 -110 -102 -76 0 -24 -45 -105 -128 -118 -94 0 -21 -38 -98 -119 -104 -86 10 -17 -28 -73 -89 -80 -65
0 3 0 -13 0 0 0 3 0 0 35 21 -13 -8 -5 0 13 -47 -76 -9 15 0 4 -23 10 100 60 0 0 0 22 45 -46 -62 -7 0 5 -6 -39 -7 36 4 0 -3 -4 11 9 -17 -6 0 4 0 -9 3 8 0 0 -5 -3 37 20 -20 -17 -5 0 8 -63 -89 -11 17 4 4 -24 22 127 73 0 0 -5 25 50 -61 -85 -19 -5 0 -14 -60 -24 37 7 0 3 3 19 20 -4 4 0 0 0 -12 -4 4 0 0 -5 -7 30 27 -6 -10 0 0 19 -28 -60 -9 12 4 7 -20 0 73 34 -7 0 -7 6 29 -46 -52 0 -4 5 0 -27 9 44 6 0 0 0 12 6 -17 0
0 0 5 0 -8 0 0 0 0 13 35 28 11 4 -10 -26 -48 -42 10 35 16 9 17 9 -54 -99 -55 -20 0 13 44 79 46 0 -12 0 -8 -19 -6 21 22 0 0 0 0 -8 -13 0 0 0 7 8 4 0 0 0 0 0 15 41 36 18 11 -11 -36 -68 -62 0 30 15 11 20 5 -73 -128 -81 -35 6 21 60 103 67 5 -16 0 -11 -21 0 38 33 9 0 -3 -7 -13 -13 0 7 0 4 0 -4 -7 0 0 -4 0 10 19 5 -8 -5 -5 -13 -25 -16 20 22 4 5 12 11 -25 -54 -28 -8 0 0 14 51 38 5 0 4 0 -21 -17 7 10 7 0 6 4 0 -6 0 6
0 0 0 0 0 0 0 3 0 0 0 11 7 0 0 0 15 24 0 -16 -9 0 0 -23 -67 -51 -7 -4 -5 -7 0 60 83 34 12 0 0 8 -20 -62 -38 -6 4 0 0 0 24 19 0 0 0 0 0 0 0 0 0 7 0 0 7 4 0 -4 -5 10 12 -15 -22 -5 0 -5 -31 -76 -47 8 7 0 0 21 100 127 56 15 7 13 19 -19 -82 -62 -22 -4 -8 -17 -21 4 13 0 0 0 0 3 0 0 0 0 0 -8 -9 0 0 0 0 -5 10 22 5 -7 4 0 0 -12 -44 -30 3 0 0 0 7 60 77 26 10 4 6 6 -22 -63 -39 -10 0 -4 -8 -7 17 16 0
-18 -7 0 0 -8 -18 -26 -13 0 0 0 0 -8 -16 -10 0 0 21 16 9 0 -13 0 13 47 62 47 16 -12 0 14 59 84 62 18 -14 -8 9 45 65 44 14 -22 -9 0 18 26 15 0 25 9 7 0 14 23 25 17 0 0 -17 -14 0 8 21 0 -11 -36 -42 -26 -15 10 -13 -31 -83 -101 -80 -48 19 -8 -37 -103 -128 -96 -56 27 0 -24 -83 -100 -76 -41 30 10 -12 -43 -55 -46 -27 -15 -8 -10 0 0 -6 -14 -8 0 0 12 13 9 0 -11 0 0 16 18 16 0 0 7 19 38 38 28 23 0 0 18 32 34 30 22 -15 0 14 25 25 22 22 -19 0 0 16 20 11 14
10 -10 -11 11 9 0 0 -13 -21 0 25 16 -8 0 -21 -9 32 47 19 -18 0 0 35 56 56 -6 -63 0 14 28 31 10 -92 -89 27 0 7 0 -43 -98 -23 59 0 0 -9 -32 -17 36 49 0 -15 -13 20 21 9 0 -13 -17 8 48 33 0 -10 -20 0 46 71 27 -32 -17 12 49 72 70 -19 -90 -19 21 38 36 0 -127 -124 14 6 8 0 -61 -127 -33 66 0 0 -18 -42 -24 46 64 0 -11 -15 6 10 0 -13 0 0 0 24 18 0 0 -13 -8 13 27 15 -15 0 0 17 19 26 0 -46 0 0 6 8 11 -57 -62 23 0 0 6 -17 -54 0 49 0 0 0 -9 0 36 39
0 0 0 -15 0 20 0 0 0 0 -28 -21 0 16 0 0 -14 -26 -31 0 25 0 0 0 -19 -31 -18 14 0 0 0 0 -22 -22 0 -20 0 17 0 0 0 0 -31 0 0 20 0 15 28 0 -14 -37 -62 -28 42 67 26 0 -43 -93 -93 -16 54 21 29 -25 -88 -127 -64 31 23 42 0 -66 -125 -91 -15 35 57 54 0 -78 -84 -31 0 53 68 23 -27 -32 -15 0 41 53 50 0 0 15 0 -28 -40 -47 0 57 103 0 0 -47 -88 -79 0 69 0 17 -27 -76 -101 -48 46 0 26 0 -53 -108 -81 0 25 46 51 0 -86 -99 -46 18 62 70 0 -47 -69 -49 0 49 57 31 -30 -43 -35
0 0 -11 0 0 9 0 0 0 -15 -4 15 9 -8 0 8 -13 -39 50 7 -17 0 11 0 -85 84 13 -31 0 5 13 -91 70 28 -32 0 0 13 -56 30 36 -26 0 -5 0 -23 0 28 -9 0 0 -8 7 0 14 -6 0 0 -18 0 23 14 -17 0 10 -25 -47 74 17 -38 0 13 -19 -106 127 37 -56 0 12 0 -116 108 57 -57 0 8 9 -78 42 59 -43 0 0 0 -32 0 43 -17 0 0 -5 4 0 13 0 0 0 -8 5 7 0 -7 0 0 0 -21 35 0 -16 0 0 5 -58 69 6 -21 0 0 16 -63 57 17 -24 4 0 15 -39 17 28 -23 0 -5 6 -15 -7 26 -13
0 0 -9 -10 0 11 0 -4 -11 0 26 25 -4 -7 -4 8 34 15 -36 -37 0 0 11 -11 -65 -39 19 31 4 -4 -26 9 62 47 6 7 0 17 45 22 -15 -22 5 0 0 -16 -28 -21 -9 0 0 0 0 12 14 0 9 11 30 49 28 -12 -15 9 25 39 -10 -79 -69 -13 0 0 -52 -128 -81 10 35 -5 -25 -56 -4 85 80 28 0 -4 25 70 56 9 -13 0 0 8 0 -20 -18 -11 -5 -4 -6 0 7 10 -4 0 0 12 32 25 -6 -12 0 10 25 6 -44 -44 -11 0 4 -26 -73 -48 9 20 0 -14 -37 0 54 44 9 0 0 19 45 25 0 -8 0 7 6 -8 -21 -9 0
0 0 0 -46 -35 -25 0 0 0 -32 -58 -44 -30 0 0 0 63 78 37 0 0 0 46 127 117 48 27 0 0 31 34 0 0 23 0 0 0 0 0 0 0 0 0 -35 -44 -34 0 0 0 0 0 0 -29 0 0 0 -27 0 0 -49 -36 0 0 -26 0 79 99 40 0 0 -23 0 116 116 33 0 0 0 0 0 -48 -36 0 0 0 0 -39 -32 0 0 0 0 -46 -58 -39 0 0 0 0 0 0 0 0 0 0 0 0 0 0 0 0 0 0 0 88 108 48 0 0 -35 0 81 84 0 -24 0 -32 -49 -44 -72 -59 0 0 0 -31 -36 0 0 0 0 0 -44 -41 0 30 31 27
14 0 0 0 0 19 0 0 0 0 17 0 12 0 12 15 33 31 41 34 18 0 0 27 40 41 24 0 0 0 0 29 24 0 -15 0 0 15 18 20 0 -15 12 0 0 0 0 0 -16 24 0 0 -14 -17 0 -11 0 -32 -47 -51 -70 -62 -52 0 -45 -64 -100 -93 -86 -66 0 -51 -85 -128 -125 -109 -81 0 -54 -91 -121 -121 -100 -81 -11 -47 -74 -104 -99 -88 -72 0 -38 -67 -90 -90 -80 -63 -41 0 0 13 0 13 0 0 27 34 62 50 42 32 -14 24 40 55 68 56 58 0 58 63 88 100 84 96 14 55 61 104 105 91 95 0 50 58 93 98 84 91 0 47 52 83 89 84 96
0 -12 -34 -38 -19 21 39 10 0 -44 -82 -104 -71 -33 16 17 -10 -52 -114 -128 -104 21 42 50 53 7 -36 -76 25 66 95 115 96 72 15 -18 17 47 93 84 62 22 -49 -55 -43 0 18 32 12 0 0 -14 -17 0 14 23 7 8 -12 -40 -54 -38 -11 0 13 0 -23 -65 -84 -62 0 23 34 38 15 -14 -38 0 29 47 54 50 41 8 -18 0 20 42 40 23 0 -22 -27 -25 -7 10 19 0 0 0 0 0 16 8 11 7 17 19 16 20 20 29 0 0 9 8 7 0 12 0 0 0 0 14 0 8 -13 -15 -21 -27 -21 -12 0 0 0 -10 -12 -13 -23 -12 8 8 0 -9 0 0 0
0 0 0 0 0 0 0 0 0 0 0 0 0 0 0 0 0 0 0 68 59 0 0 0 0 0 0 60 0 0 0 -62 -75 0 0 0 -59 -71 -90 -88 -77 -56 0 0 -57 -87 -82 -70 -61 0 0 0 0 0 0 0 0 0 0 0 0 0 0 0 0 0 0 56 95 82 0 0 0 0 0 105 127 0 0 0 0 0 57 92 0 0 0 0 0 0 0 0 0 0 0 0 0 0 0 0 0 0 0 0 0 0 0 0 0 0 0 0 0 0 0 0 0 0 0 0 0 0 0 0 0 57 0 0 0 0 0 0 0 0 0 0 0 0 0 0 0 0 0 0 0 0 0
25 14 18 0 0 8 25 11 0 0 0 0 0 0 19 0 0 -8 0 0 0 0 -11 -16 -24 -23 -19 -21 9 0 0 -13 -15 -13 -19 16 0 0 -10 -9 0 -12 25 0 0 -14 -15 -10 0 0 0 0 -10 0 -15 0 0 0 0 0 0 0 -11 0 0 0 0 18 8 0 0 0 0 27 45 43 11 0 0 21 50 71 64 23 -9 0 11 34 59 44 0 0 -9 0 8 12 0 -18 0 -12 -10 -12 0 -21 -16 0 -9 0 0 17 10 0 -8 -9 0 10 38 19 10 0 0 15 48 83 72 47 0 12 34 86 127 111 61 -15 0 18 63 107 79 28 -16 0 8 35 49 14 -10
0 3 0 8 -11 -7 7 0 -3 0 -26 51 -9 -14 0 -9 31 0 -77 50 0 4 8 -61 68 28 -67 16 -8 15 36 -103 43 29 -16 12 -36 19 53 -50 -3 6 -7 19 -20 -9 21 -3 0 0 0 0 10 -9 -6 8 0 -5 0 -32 51 -4 -16 0 -8 39 8 -90 47 4 0 4 -73 83 47 -75 13 -8 22 34 -128 49 40 -14 13 -39 32 54 -64 -6 8 -4 16 -23 -6 24 0 -4 0 0 0 8 -11 -6 9 3 0 0 -24 49 -12 -9 0 -5 28 0 -67 46 -6 0 9 -58 59 30 -58 18 -10 13 41 -92 39 26 -11 13 -36 11 52 -47 -5 6 -5 21 -18 -12 20 0 0
32 0 0 0 0 0 0 0 -32 -40 -58 -55 -43 -27 0 -34 -65 -86 -90 -71 -60 -21 -69 -94 -125 -127 -115 -115 -14 -56 -83 -128 -124 -111 -117 0 -51 -70 -108 -110 -95 -91 17 -27 -44 -82 -93 -73 -71 15 20 25 14 18 0 13 19 21 32 32 35 27 26 22 39 33 40 28 30 23 13 34 39 44 37 31 16 15 36 40 27 25 19 0 19 21 30 23 21 0 0 0 20 25 14 0 0 0 -44 -14 -15 0 0 -20 -29 -28 0 0 23 40 30 18 -17 0 16 58 59 50 36 0 29 54 101 106 99 85 0 38 66 90 101 99 80 -14 0 42 73 88 84 77 -30 0 33 59 62 68 53
-13 0 -7 0 0 0 0 0 9 8 33 28 28 24 0 10 14 43 52 46 41 7 26 45 99 115 102 79 0 20 43 109 127 115 85 0 19 33 94 111 96 74 0 14 27 78 83 76 67 6 0 0 -9 0 0 0 0 -10 -10 -25 -26 -21 -21 0 -8 -17 -43 -47 -45 -37 0 -24 -41 -78 -93 -83 -69 0 -22 -42 -87 -108 -92 -72 0 -15 -39 -78 -87 -82 -67 0 -18 -30 -63 -71 -64 -61 0 0 7 0 0 0 0 0 0 0 0 0 0 0 0 0 12 0 0 0 0 0 -6 0 -15 -20 -21 -18 0 0 0 -15 -24 -17 -9 0 0 0 -14 -15 -18 0 0 0 0 -19 -15 -13 -7
-24 0 0 0 0 0 0 13 44 28 17 -19 -35 -48 9 59 45 17 -18 -40 -62 0 63 44 20 -11 -35 -71 0 58 43 21 0 -27 -74 0 50 35 30 0 -24 -69 -22 28 30 33 0 -26 -60 -19 32 22 14 -21 -23 0 22 79 54 18 -46 -72 -74 36 108 82 20 -48 -84 -100 37 119 86 24 -48 -88 -120 27 113 86 30 -40 -85 -128 26 100 74 35 -35 -72 -112 0 73 63 39 -22 -57 -87 -28 9 0 0 -10 0 22 0 50 29 0 -39 -38 -34 0 73 52 0 -40 -43 -45 0 75 54 0 -32 -40 -55 0 72 55 0 -25 -39 -65 0 64 43 10 -28 -36 -60 -10 48 41 16 -20 -31 -44
0 -20 -33 -19 0 20 29 -49 -42 -31 0 23 25 9 -26 0 44 72 73 54 9 25 66 87 91 77 50 0 35 49 42 26 11 -12 -66 30 20 0 -21 -50 -75 -92 0 -36 -53 -73 -94 -91 -50 -16 -24 -31 -17 0 20 27 -53 -29 0 36 55 47 25 -20 33 78 111 106 72 18 41 97 123 127 99 50 -11 38 56 45 30 0 -36 -92 21 0 -25 -47 -81 -110 -119 -15 -51 -81 -98 -120 -113 -62 -12 -18 -25 -21 0 0 20 -38 -20 -10 13 24 19 17 -18 17 41 52 51 36 0 11 42 51 48 37 15 -18 15 24 13 0 0 -14 -54 19 11 0 -10 -21 -44 -53 0 -19 -31 -29 -32 -39 0
0 0 0 0 0 0 0 0 -5 -9 -17 -21 -15 -6 7 7 8 5 12 14 14 13 30 59 84 72 50 22 -19 -30 -51 -90 -89 -45 -22 -9 -11 -15 -20 -23 -28 -27 5 11 22 31 32 30 14 0 0 0 -6 -7 0 0 0 -11 -18 -24 -26 -21 -9 10 11 17 25 34 27 22 24 43 83 127 112 71 34 -25 -42 -75 -112 -112 -66 -33 -15 -24 -34 -45 -48 -45 -35 10 19 30 41 43 43 23 0 0 0 0 0 0 0 0 0 -6 -6 -11 -13 -5 6 0 -7 -6 0 0 9 13 20 39 67 58 33 15 -12 -19 -35 -53 -53 -27 -13 -5 -7 -7 0 -6 -15 -14 0 0 6 12 14 16 10
0 4 5 0 0 8 0 -9 6 8 -8 -14 5 -6 0 23 -8 -46 0 30 -4 8 0 -61 -22 81 20 -24 0 -14 -33 68 59 -46 -23 0 0 4 50 -25 -39 10 6 0 0 8 -27 0 16 0 11 0 -17 -16 5 0 0 16 0 -33 -20 18 0 7 19 -35 -73 12 57 4 0 -18 -93 -23 127 48 -33 -6 -32 -41 103 108 -43 -43 0 -5 16 77 -13 -55 -9 0 0 11 16 -36 -17 8 0 8 0 -15 -13 6 4 0 12 0 -19 -16 13 6 0 17 -15 -50 0 34 0 8 0 -60 -22 82 27 -22 0 -16 -33 64 60 -39 -24 -5 0 6 46 -20 -35 7 0 0 8 9 -26 0 13
-21 -24 -21 0 12 -31 -43 -21 0 0 37 49 0 -11 -19 0 17 61 79 44 16 0 17 51 98 123 107 79 -28 0 35 100 127 112 80 -52 -21 17 82 110 79 47 -53 -27 0 59 81 50 19 0 0 0 0 0 -21 -21 0 0 0 0 15 0 -15 0 0 13 23 25 14 0 0 0 23 27 37 44 24 -16 -12 0 26 39 48 30 -11 0 0 19 32 19 11 0 0 0 0 19 0 0 30 26 20 0 0 15 30 11 10 0 -14 -12 0 11 13 0 0 -24 -28 -16 0 10 0 -16 -51 -53 -34 -25 15 0 -22 -47 -51 -31 -24 30 21 0 -37 -43 -36 -18 44 27 0 -28 -31 -12 0
-35 -37 0 37 26 0 0 -30 0 56 84 41 0 -18 0 55 103 77 0 -48 -44 33 75 74 0 -86 -94 -47 19 26 -12 -89 -127 -85 -10 0 -6 -43 -83 -79 -7 73 0 -14 -25 -33 0 76 113 0 0 -8 -8 0 0 0 0 -10 -16 -12 0 0 0 -10 -20 -15 -6 6 9 7 -5 -7 0 8 10 8 9 0 0 5 12 11 9 0 0 0 10 13 7 0 0 0 0 0 0 0 0 -11 30 38 7 -27 -22 0 0 31 9 -44 -73 -40 0 12 0 -50 -90 -74 0 38 38 -25 -66 -70 0 79 85 46 -16 -26 0 80 119 80 7 0 6 38 81 72 0 -70 0 9 25 31 0 -72 -109
0 0 0 0 0 16 0 0 0 0 22 35 44 33 0 0 0 18 50 60 32 0 19 30 54 105 115 59 0 22 36 56 104 112 59 0 0 0 21 39 38 16 0 0 0 0 24 27 0 0 0 0 0 -22 -17 -19 0 0 0 0 0 0 -28 -23 -23 -22 0 36 36 -17 -18 0 0 40 127 126 16 0 0 0 31 115 114 0 0 -24 -41 -31 0 0 -46 -23 -28 -39 -41 -36 -33 -49 0 16 17 0 0 0 0 0 0 0 -20 -25 -19 -25 0 0 -32 -41 0 0 -40 0 0 -34 -22 53 58 -28 0 0 0 0 49 56 -24 16 0 0 -28 0 0 -30 0 18 0 0 0 0 0
-32 -23 -21 -14 0 0 -13 -22 -30 -22 0 15 22 0 -24 -37 -18 15 36 29 0 -18 -18 11 53 66 36 0 -12 0 31 70 55 19 -21 0 15 39 53 23 -10 -42 0 10 22 19 -8 -37 -66 -19 0 0 0 0 0 0 0 15 19 0 0 0 0 0 12 19 0 -15 -14 0 0 16 0 -24 -27 -20 0 0 0 -19 -32 -32 -9 13 0 0 -17 -20 -17 11 22 0 -10 -14 0 0 22 21 25 42 40 14 -7 -11 11 37 46 47 0 -33 -38 -17 38 45 41 -28 -72 -65 -20 26 26 -14 -93 -116 -82 -11 0 -20 -75 -128 -118 -48 20 0 -36 -71 -96 -64 19 67 0 -34 -56 -56 -12 53 81
-21 0 0 0 20 0 30 24 0 18 65 64 40 43 0 28 42 41 0 0 38 0 29 36 0 -53 -56 0 0 40 0 -33 -59 -66 0 19 35 0 -19 -44 -50 0 30 30 0 0 0 0 33 27 27 21 24 22 0 27 27 0 0 35 23 0 0 0 0 0 0 -52 -64 -23 0 0 0 -51 -119 -128 -55 0 23 0 -64 -110 -126 -62 19 32 0 -35 -74 -80 -22 39 36 0 0 0 0 40 23 0 0 -20 -23 -39 -33 -19 -50 -42 -30 -31 -76 -98 -29 -40 -21 -31 -63 -89 -90 -39 -39 0 -50 -89 -114 -96 -40 -22 -21 -43 -60 -96 -85 -29 -28 -18 -27 -44 -68 -62 -28 -44 -39 -50 -37 -42 -42
-9 0 -14 0 25 38 38 -7 -14 -26 -24 21 61 67 -9 -21 -48 -59 -16 47 79 0 -11 -59 -90 -54 12 61 23 14 -41 -97 -74 -27 35 41 48 0 -51 -53 -37 7 54 69 41 0 -22 -24 0 0 0 0 0 -12 -17 -10 9 0 9 9 -8 -24 -31 9 0 18 30 0 -24 -39 0 7 24 43 29 0 -25 -17 -8 17 27 34 9 0 -25 -23 0 14 25 11 0 -18 -30 -20 0 12 9 0 0 0 15 0 -32 -41 -31 0 0 29 19 -34 -67 -83 18 20 56 74 0 -66 -107 0 16 78 127 72 -12 -76 -30 -19 59 117 92 25 -29 -54 -60 0 62 69 34 -7 -53 -81 -52 0 31 30 0
0 0 0 4 0 -8 0 0 0 -9 7 16 -24 12 0 6 -19 0 40 -60 23 0 12 -29 0 72 -95 40 0 12 -35 0 70 -91 37 0 11 -27 11 37 -50 23 0 4 -13 13 11 -22 6 0 0 0 9 0 -9 0 0 0 -9 16 21 -32 10 0 7 -24 17 51 -79 27 0 12 -41 19 91 -128 45 0 14 -46 20 92 -122 40 -4 13 -34 20 47 -68 24 0 5 -15 19 15 -26 4 0 0 0 0 0 -6 0 0 0 0 0 11 -17 7 0 4 -5 0 30 -42 19 0 8 -11 -11 52 -72 32 0 9 -14 -7 52 -67 30 0 9 -12 0 25 -35 19 0 0 -6 7 6 -17 0
9 9 31 14 -13 -19 -12 46 34 33 0 -20 -13 0 31 0 -30 -56 -50 -28 -11 -21 -72 -84 -78 -58 -36 -13 -19 -53 -50 -27 0 23 34 -9 -19 0 28 46 50 52 10 15 46 54 60 42 10 10 19 37 14 -12 -13 0 54 44 33 -16 -28 -8 17 30 -14 -57 -90 -72 -28 0 -42 -104 -128 -120 -80 -40 -11 -45 -76 -73 -39 12 38 44 -22 -22 8 44 75 79 69 0 23 61 74 88 69 21 0 0 16 12 0 0 0 23 25 26 0 0 0 16 19 0 -15 -29 -24 -8 0 0 -38 -48 -43 -30 -15 0 -18 -30 -37 -22 0 18 18 -8 -8 0 14 31 38 34 0 11 21 28 37 30 -8
0 0 0 0 0 0 0 0 0 0 0 -7 0 0 -8 0 -8 0 0 -13 0 0 0 -12 57 78 0 0 0 0 -17 0 16 -20 -8 0 0 0 -10 -14 -9 0 0 0 0 0 0 0 0 0 0 0 0 0 0 0 0 0 0 0 -9 0 0 0 0 0 13 11 -8 0 0 0 0 102 127 16 0 0 0 0 34 51 0 0 0 0 0 0 0 0 0 0 0 0 0 0 0 0 0 0 0 0 0 0 0 0 0 0 -7 -12 0 0 0 0 0 15 13 0 0 0 0 0 84 103 0 0 0 0 -16 9 22 -23 -14 0 0 0 -14 -17 -8 0 0 0 0 0 0 0 0
5 -4 0 4 6 -6 0 0 0 -8 -16 13 -4 0 0 4 -43 43 35 -38 4 0 -27 13 97 -91 -32 35 -6 0 62 -43 -92 81 0 0 16 0 -59 48 30 -27 0 0 -14 13 20 -13 -5 4 0 0 8 7 -7 -5 -4 0 0 -7 17 -8 0 0 4 -39 59 33 -54 0 4 -21 32 108 -127 -49 43 0 0 72 -70 -127 99 14 0 18 -13 -86 51 51 -22 0 -4 -25 9 31 0 0 0 0 0 0 0 0 0 0 10 7 -17 4 0 0 0 14 -36 16 34 -21 0 0 -17 0 72 -57 -13 20 0 -9 43 -28 -53 70 -18 0 10 -5 -42 48 7 -27 0 0 -11 15 6 -17 9
0 0 0 14 0 0 -6 0 -4 -8 25 0 -13 0 -4 -8 -40 31 63 -27 -9 4 20 -54 -89 84 51 -10 0 26 39 -101 -61 44 10 0 -7 43 21 -52 -9 10 0 -5 -4 20 0 -11 0 0 -4 0 13 0 0 -8 0 0 -4 33 0 -12 0 0 -7 -49 35 78 -23 -9 6 22 -70 -112 95 66 0 4 33 40 -128 -78 52 20 0 0 48 15 -66 -11 14 5 0 0 21 0 -12 0 0 0 0 5 0 5 0 0 0 -5 11 -18 -9 10 0 0 -21 28 24 -40 0 0 19 -20 -46 62 14 -14 -8 4 41 -44 -29 31 -6 0 -20 16 25 -24 0 6 9 0 -15 5 0 -6 0
0 0 0 0 0 0 6 8 0 -20 -29 -28 -16 0 -12 -26 -39 -42 -28 -10 0 13 39 70 88 64 41 30 16 45 68 72 60 46 35 -20 -35 -47 -55 -53 -44 -27 -6 -22 -35 -44 -43 -26 -20 0 0 0 -6 -13 0 0 0 -19 -41 -52 -51 -35 -16 -14 -35 -51 -53 -40 -17 -10 33 65 102 127 95 68 47 31 69 99 106 90 70 51 -22 -38 -52 -61 -58 -43 -23 -9 -30 -50 -59 -57 -30 -16 -6 0 7 7 0 7 0 0 0 -15 -21 -24 -13 -13 -11 -24 -38 -40 -32 -15 -15 15 26 39 54 31 20 13 15 32 39 40 32 32 24 -9 -16 -26 -28 -26 -17 -9 0 0 -11 -9 -9 0 0
-15 -11 0 0 0 0 -13 0 0 0 0 -21 0 11 0 0 0 -56 -115 -85 0 0 0 0 -52 -108 -97 0 0 0 14 0 -19 -17 12 0 0 0 10 13 0 0 0 0 0 0 0 0 0 0 0 0 0 0 0 0 11 12 0 0 -26 0 15 0 0 0 -62 -128 -88 0 0 0 0 -65 -126 -100 0 0 0 11 0 -28 -18 16 0 0 0 14 15 16 0 0 0 0 0 0 0 0 0 0 0 13 16 0 0 0 0 0 26 14 25 22 0 0 16 -13 -60 -32 25 0 0 18 -21 -66 -52 0 0 0 14 22 0 0 15 0 0 0 0 13 15 0 0 0 0 0 0 0 0
0 0 0 -5 0 5 9 -8 -15 -16 0 18 19 0 5 5 33 68 52 9 -24 14 26 35 -18 -86 -80 -38 7 -13 -65 -102 -45 24 32 -13 -29 -13 36 58 36 17 -5 7 20 22 0 -12 -10 0 0 0 -8 0 0 7 -6 -6 -9 9 27 29 12 6 14 44 79 61 10 -21 14 35 38 -26 -106 -97 -43 0 -19 -82 -128 -61 23 35 -12 -26 -12 41 75 52 24 0 10 24 29 9 -7 -9 0 0 0 -8 -11 -7 0 0 -4 -15 -12 0 6 7 0 0 5 36 39 18 0 0 13 26 0 -40 -36 -13 0 0 -31 -49 -9 26 16 0 -7 6 35 40 11 0 0 6 6 0 -15 -16 -8
0 0 5 0 -6 0 0 0 0 7 0 -6 17 0 0 0 17 -10 -40 18 16 0 -9 37 37 -73 -37 32 4 -24 0 81 0 -79 0 0 -7 -31 35 67 -30 -16 0 0 -25 -16 36 11 -7 0 0 0 -8 -14 6 5 0 6 7 -17 -22 18 8 0 10 31 -19 -77 8 30 -6 0 67 57 -105 -70 28 0 -27 29 127 6 -110 -15 0 -18 -27 67 91 -42 -36 0 -6 -29 -5 55 17 -11 0 0 0 -7 -16 0 0 0 0 0 -10 -12 13 0 0 0 17 -9 -38 19 15 0 -9 32 33 -59 -26 29 5 -21 0 70 8 -61 8 0 -7 -31 22 58 -25 -16 0 0 -20 -20 30 9 -8
14 -14 0 11 28 0 -14 10 -28 0 41 46 0 -24 -12 -45 0 74 33 -34 -35 -18 -44 21 111 31 -61 -43 -22 -40 44 109 9 -67 -42 -14 -28 49 80 -15 -57 -23 0 -9 53 46 -25 -46 0 0 -15 -11 6 27 0 -14 7 -27 0 46 50 -9 -25 -10 -42 7 85 38 -42 -40 -17 -38 29 127 33 -77 -52 -19 -31 52 120 7 -88 -50 -8 -15 60 88 -19 -74 -31 0 0 55 53 -25 -54 -7 0 -7 0 0 10 0 0 10 0 0 9 16 0 0 0 -14 0 20 0 -16 0 0 -15 0 39 0 -30 0 0 -14 12 40 -7 -27 7 0 -11 20 29 -17 -25 9 0 0 29 13 -18 -20 17
-11 -14 -9 -15 -14 -13 -11 -12 -15 -8 -10 -13 -10 -10 -7 0 -7 0 10 0 0 -16 -8 0 26 54 46 16 -9 0 15 58 101 92 46 -11 0 14 48 90 82 40 -10 -9 0 14 31 30 9 32 20 29 21 19 18 27 25 14 23 14 9 8 10 29 18 13 -7 -11 -16 0 16 0 -9 -58 -83 -81 -54 15 0 -22 -87 -128 -119 -73 20 0 -16 -83 -124 -116 -71 24 0 0 -49 -70 -68 -45 -17 -8 -12 -11 -12 -17 -7 -8 0 0 0 0 0 0 -17 -10 -13 10 20 12 12 0 0 10 37 41 35 41 0 0 12 37 36 35 43 -14 0 14 33 32 35 41 -8 0 17 44 53 45 52
0 0 0 0 0 0 0 0 0 0 0 0 0 0 0 0 0 -56 -44 0 -54 0 0 0 -50 0 35 0 0 0 0 0 0 49 0 0 0 0 0 0 0 -37 0 0 0 0 -35 0 -47 0 0 0 0 0 0 0 0 0 0 0 0 0 0 0 0 0 0 0 0 0 0 0 0 0 40 75 0 0 0 0 0 63 90 0 0 0 0 0 0 0 0 0 0 0 0 0 0 -37 0 0 0 0 0 0 0 0 0 0 0 0 37 0 0 0 0 0 0 45 0 0 0 37 36 87 127 73 0 35 40 50 101 127 64 0 0 0 0 40 46 0 0 0 0 0 0 0 0
0 0 0 0 0 0 0 0 0 13 23 0 0 0 -8 11 9 9 9 0 0 0 0 -61 -90 -32 21 21 0 0 -83 -101 -48 12 12 0 12 -9 -15 0 0 0 0 10 15 11 0 0 17 0 0 0 0 0 0 0 0 0 0 12 0 0 0 0 0 0 0 0 0 0 0 -12 -88 -119 -52 0 0 0 -16 -108 -128 -63 0 0 0 0 -16 -18 0 0 0 0 0 0 9 0 0 0 0 0 0 0 0 0 12 0 0 0 17 0 0 0 0 15 17 23 24 9 0 0 0 -40 -53 -9 14 0 0 0 -60 -66 -22 11 0 0 12 0 0 13 0 0 0 0 0 0 0 0 0
0 0 0 0 0 0 0 0 0 0 0 0 22 0 0 0 0 0 61 96 19 0 0 0 0 30 68 0 0 0 0 0 0 0 0 0 0 0 0 0 0 0 -16 -18 0 0 0 0 0 0 0 0 0 -17 0 -17 0 0 0 0 0 19 -17 0 0 0 0 72 127 34 0 0 0 -25 37 96 20 0 0 0 -21 -18 0 -20 0 0 0 0 0 0 0 0 0 0 0 0 0 -21 0 0 0 0 0 0 0 0 0 0 -18 0 0 -18 0 0 0 -26 41 93 20 0 0 0 -45 0 56 0 0 0 0 -30 -39 -22 -29 0 0 17 0 0 0 0 0 0 0 0 0 0 0
0 7 11 14 0 -14 0 -10 0 15 39 0 -18 -22 -12 -24 0 72 28 -20 -40 0 -51 -40 98 88 -11 -57 0 -70 -70 77 118 9 -58 0 -63 -93 39 98 34 -30 15 -35 -90 -9 47 42 0 0 12 0 9 0 -15 0 -8 0 8 34 0 -20 -14 -10 -21 -9 75 22 -23 -29 -12 -55 -46 106 84 -19 -49 0 -72 -79 90 127 6 -49 0 -66 -101 42 98 29 -25 19 -29 -89 0 48 34 0 -11 16 0 8 0 -7 10 -15 8 0 12 -9 -11 0 -9 0 -13 27 -9 -8 0 0 0 -25 39 12 -17 -10 15 0 -34 27 31 -14 -13 9 0 -42 13 17 0 -9 20 18 -40 0 0 0 0
0 5 8 -5 0 10 0 -5 13 14 -34 -13 19 -6 -11 24 17 -60 -20 34 -7 -6 35 5 -68 0 47 -5 0 28 -11 -51 13 35 -9 0 14 -13 -27 11 18 -10 0 0 -15 -13 11 10 0 0 10 0 -28 -15 10 11 0 29 7 -69 -33 33 19 0 48 7 -112 -40 58 21 8 58 -17 -128 -13 75 20 10 43 -31 -97 10 64 12 6 21 -30 -55 12 35 0 0 7 -23 -21 16 18 0 0 5 0 -12 -9 0 0 -6 17 15 -28 -12 17 0 -10 28 18 -53 -16 30 0 -7 35 0 -63 0 39 0 0 27 -11 -45 9 28 -6 0 15 -11 -20 9 15 -10 0 7 -10 -5 10 7 -7
20 23 20 -10 -13 0 0 23 23 21 -27 -50 -36 -11 40 34 30 -50 -95 -49 0 29 28 -23 -105 -114 -67 0 14 0 -68 -116 -113 -50 19 8 -12 -65 -128 -110 -13 36 0 -25 -67 -117 -82 0 43 0 0 0 0 0 0 0 9 0 15 0 0 0 0 9 0 22 0 -29 0 0 0 14 0 -29 -26 -16 11 0 0 -19 -24 -21 -12 20 0 0 0 -33 -29 0 16 0 0 0 -29 -14 12 13 -19 -10 -10 0 0 0 -9 -13 -11 0 13 19 9 0 -17 -20 0 21 13 18 0 -15 0 0 23 26 0 -11 -14 0 0 38 28 0 -13 0 0 21 29 20 12 -18 0 0 21 19 16 0 -21
3 -5 11 6 -9 0 0 -8 9 -5 -8 3 -4 0 9 -8 -6 44 -37 0 6 6 -34 74 -48 -47 55 -14 -6 16 21 -103 90 -8 -10 0 17 -34 9 40 -45 21 0 0 -13 19 -10 6 -6 0 -7 7 4 -7 5 0 -8 11 -3 -4 5 0 0 6 -11 -4 48 -45 10 7 6 -32 91 -65 -53 74 -19 -6 22 21 -128 112 0 -21 -3 21 -43 10 57 -55 16 0 4 -14 24 -12 4 0 0 -6 3 0 -8 5 0 -6 13 -5 -9 8 0 0 11 -8 -24 40 -22 0 0 16 -40 59 -23 -27 43 -16 0 0 25 -69 80 -29 -5 -8 6 -22 16 18 -48 29 0 3 0 14 -20 12 0
