0 0 0 0 0 0 0 0 0 0 0 127 0 0 0 0 0 0 0 0 0 0 0 0 0 0 0 0 0 0 0 0 0 0 0 0 0 0 0 0 0 0 0 0 0 0 0 0 0 0 0 0 0 0 0 0 0 0 0 0 0 0 0 0
0 0 0 0 0 0 0 0 0 0 0 -128 0 0 0 0 0 0 0 0 0 0 0 0 0 0 0 0 0 0 0 0 0 0 0 0 0 0 0 0 0 0 0 0 0 0 0 0 0 0 0 0 0 0 0 0 0 0 0 0 0 0 0 0
-20 0 -69 -30 33 -27 31 0 30 -39 0 0 0 -76 -102 36 -26 -32 -20 0 -116 -75 -40 -24 0 0 -53 -25 33 27 -75 -46 -68 0 -38 -30 -32 49 0 -22 -59 66 -42 -31 24 0 0 -77 -70 -75 -74 -41 36 -22 -116 -74 -75 -42 0 0 0 -25 0 -128
0 0 0 0 0 0 0 0 0 0 0 -128 0 0 0 0 0 0 0 0 0 0 0 0 0 0 0 0 0 0 0 0 0 0 0 0 0 0 0 0 0 0 0 0 0 0 0 0 0 0 0 0 0 0 0 0 0 0 0 0 0 0 0 0
0 -55 19 0 34 -29 -23 0 -68 0 0 26 -44 0 0 -29 0 34 0 0 0 -34 0 0 0 0 0 0 -34 67 47 26 0 -37 0 0 47 0 101 0 0 36 34 0 76 0 47 0 -24 -51 19 0 -24 61 69 -35 0 22 0 36 30 0 -56 127
0 0 0 0 0 0 0 0 0 0 0 127 0 0 0 0 0 0 0 0 0 0 0 0 0 0 0 0 0 0 0 0 0 0 0 0 0 0 0 0 0 0 0 0 0 0 0 0 0 0 0 0 0 0 0 0 0 0 0 0 0 0 0 0
-24 11 0 0 -24 0 -11 0 0 15 47 0 -29 0 14 -26 -31 -15 0 0 0 -44 17 0 -38 -14 22 0 21 -49 0 0 -29 0 26 31 0 -13 -52 0 20 28 -73 -20 -17 0 0 12 127 17 0 0 0 -12 0 15 16 0 0 0 -26 14 0 0
0 63 39 -67 35 36 -35 0 0 -95 0 -35 0 0 29 0 0 38 0 -41 72 0 0 54 -59 50 0 29 -50 -46 72 -128 0 -35 26 -41 0 -40 -75 71 58 0 -39 0 0 26 43 0 0 0 0 0 47 0 -40 0 -26 -38 -32 -51 -87 -53 31 -26
0 0 0 0 0 0 0 0 0 0 0 127 0 0 0 0 0 0 0 0 0 0 0 0 0 0 0 0 0 0 0 0 0 0 0 0 0 0 0 0 0 0 0 0 0 0 0 0 0 0 0 0 0 0 0 0 0 0 0 0 0 0 0 0
0 0 -58 0 0 0 0 -66 0 0 0 -128 0 0 0 0 67 0 0 0 0 0 0 0 -63 0 0 0 0 0 0 0 0 0 0 0 0 0 -90 0 0 81 0 0 0 0 0 0 0 0 0 0 0 63 0 0 0 0 0 69 0 0 0 0
0 0 0 0 0 0 0 0 0 0 0 127 0 0 0 0 0 0 0 0 0 0 0 0 0 0 0 0 0 0 0 0 0 0 0 0 0 0 0 0 0 0 0 0 0 0 0 0 0 0 0 0 0 0 0 0 0 0 0 0 0 0 0 0
-60 -76 127 30 -88 26 0 44 -65 0 0 -30 40 54 0 -36 32 0 -28 -40 -74 0 0 42 0 -55 -24 -107 0 -40 -44 0 48 -73 0 0 0 0 109 0 -33 53 0 -68 -78 -55 -32 0 0 -27 0 -28 93 0 -28 0 0 43 28 -95 0 24 -41 0
-70 -91 -28 14 -24 -82 -29 0 73 -20 -28 -35 35 -46 22 0 50 -28 -38 124 0 -58 -38 -49 127 22 58 115 -47 -24 -65 49 0 121 -33 42 0 -59 0 26 -47 0 -40 0 0 65 -24 23 -67 -25 -90 0 54 -71 0 18 -58 -55 -19 -39 -35 -75 -51 0
0 0 0 0 0 0 0 0 0 0 0 127 0 0 0 0 0 0 0 0 0 0 0 0 0 0 0 0 0 0 0 0 0 0 0 0 0 0 0 0 0 0 0 0 0 0 0 0 0 0 0 0 0 0 0 0 0 0 0 0 0 0 0 0
-30 -31 0 -28 24 -19 0 47 -34 -22 -90 36 0 31 0 -26 -38 0 -118 0 -38 -25 -67 0 0 -36 18 19 -48 17 -32 -21 0 0 26 0 -20 -28 0 -55 -49 17 0 37 0 0 0 -72 0 -50 17 0 0 22 0 -40 0 -127 47 0 -20 -67 -28 0
22 0 -23 -121 0 49 0 0 0 -29 -49 0 0 0 0 -41 101 -34 0 0 -79 0 -35 -53 -44 0 46 48 100 0 0 97 -28 0 51 0 33 0 78 0 -46 41 0 52 39 0 39 0 0 -47 63 73 -47 51 75 -26 -65 51 0 0 127 46 0 44
0 0 0 0 0 0 0 0 0 0 0 -128 0 0 0 0 0 0 0 0 0 0 0 0 0 0 0 0 0 0 0 0 0 0 0 0 0 0 0 0 0 0 0 0 0 0 0 0 0 0 0 0 0 0 0 0 0 0 0 0 0 0 0 0
32 31 54 93 -35 -48 -38 -40 -28 -53 -56 53 -66 0 -40 -66 41 0 -128 -56 71 -71 -28 33 28 -62 0 -38 0 0 0 30 0 0 0 0 0 -89 -38 46 28 -33 -41 54 -74 -38 -55 0 0 26 -108 49 0 -90 38 83 0 -104 74 65 -64 -58 0 -80
0 0 0 0 0 0 0 0 0 0 0 127 0 0 0 0 0 0 0 0 0 0 0 0 0 0 0 0 0 0 0 0 0 -117 0 0 0 0 0 0 0 0 0 0 0 0 0 0 0 0 0 0 0 0 0 0 0 0 0 0 0 0 0 0
0 0 0 0 34 0 0 0 0 0 0 127 0 0 0 0 0 0 0 0 0 0 0 0 0 0 0 0 0 0 0 0 0 0 0 0 0 0 0 0 0 0 0 0 0 0 0 0 0 0 0 0 0 0 0 0 0 0 0 0 0 0 0 0
39 0 0 -75 -38 36 0 51 0 -89 -128 49 0 35 49 0 -112 -69 123 0 -58 -35 -81 0 0 -61 0 34 0 0 0 -84 -41 0 0 0 0 -29 -56 0 0 77 56 61 42 0 31 -47 -34 0 -60 0 74 -42 -63 -57 -35 27 -40 70 36 62 0 0
-30 -43 -39 0 100 0 61 0 0 0 -56 0 0 -48 0 0 0 0 -114 0 0 -37 -86 0 -61 0 0 0 0 0 0 0 73 0 0 44 0 -57 0 0 0 65 0 55 0 0 0 -36 0 36 0 0 -37 0 0 0 0 -128 0 0 0 -54 0 0
52 0 -69 63 0 0 0 0 58 -61 0 0 -34 -51 0 0 101 127 0 0 0 -23 0 0 23 38 48 -36 123 -39 0 50 -40 -31 121 0 0 -75 0 0 -33 69 0 0 0 0 36 -45 0 -71 -58 0 75 54 -28 0 -46 0 -26 0 -36 0 65 0
-34 0 -26 0 0 51 0 -25 0 44 0 -76 33 0 39 0 0 0 127 27 0 -43 -69 26 45 0 -35 0 41 0 0 0 0 0 0 -66 -25 0 -28 0 48 62 41 0 0 0 0 37 -40 0 0 51 0 0 0 0 -31 -30 -25 47 0 0 0 0
0 -57 -53 -55 0 0 0 73 0 -63 -85 42 0 0 0 0 -48 0 0 0 0 0 -98 66 0 -55 -32 0 -61 0 -38 -58 0 0 0 0 0 82 0 -87 -33 26 0 0 0 0 0 0 0 0 0 0 34 0 -91 -125 0 -103 -32 0 -84 -128 0 0
47 0 0 0 -21 -27 0 -19 0 -51 20 0 -20 0 45 -35 -35 40 -73 0 -44 0 -42 0 -28 -27 -19 0 30 -23 0 -53 -36 -25 33 0 0 0 0 0 0 0 0 0 24 0 0 41 43 31 -49 0 19 112 0 0 127 -40 -27 0 -49 -53 0 -24
0 0 0 0 0 0 0 0 0 0 0 -127 0 0 0 0 0 0 0 0 0 0 0 0 0 0 0 0 0 0 0 0 0 0 0 0 0 0 0 0 0 0 0 0 0 0 0 0 0 0 0 0 0 0 0 0 0 0 0 0 0 0 0 0
-68 0 0 54 70 70 55 46 66 0 0 0 0 0 50 0 0 0 -42 0 127 -103 0 55 49 35 0 -42 0 98 58 0 0 0 -36 0 0 -56 0 85 -86 -51 -84 -59 0 0 0 0 -74 -73 -44 0 65 -42 -34 48 0 0 0 0 0 55 -54 0
0 0 0 0 0 0 0 0 0 0 0 127 0 0 0 0 0 0 0 0 0 0 0 0 0 0 0 0 0 0 0 0 0 0 0 0 0 0 0 0 0 0 0 0 0 0 0 0 0 0 0 0 0 0 0 0 0 0 0 0 0 0 0 0
0 0 0 0 0 0 0 0 0 0 0 127 0 0 0 0 0 0 0 0 0 0 0 0 0 0 0 0 0 0 0 0 0 0 0 0 0 0 0 0 0 0 0 0 0 0 0 0 0 0 0 0 0 0 0 0 0 0 0 0 0 0 0 0
0 0 0 0 0 0 0 0 0 0 0 -128 0 0 0 0 0 0 0 0 0 0 0 0 0 0 0 0 0 0 0 0 0 0 0 0 0 0 0 0 0 0 0 0 0 0 0 0 0 0 0 0 0 0 0 0 0 0 0 0 0 0 0 0
0 0 0 0 0 0 0 0 0 0 0 -128 0 0 0 0 0 0 0 0 0 0 0 0 0 0 0 0 0 0 0 0 0 0 0 0 0 0 0 0 0 0 0 0 0 0 0 0 0 0 0 0 0 0 0 0 0 0 0 0 0 0 0 0
0 0 0 0 0 0 0 0 0 0 0 -128 0 0 0 0 0 0 0 0 0 0 0 0 0 0 0 0 0 0 0 0 0 0 0 0 0 0 0 0 0 0 0 0 0 0 0 0 0 0 0 0 0 0 0 0 0 0 0 0 0 0 0 0
0 -49 0 -40 40 34 0 0 0 -44 39 -35 0 48 -39 0 38 0 37 -40 0 0 0 0 0 -49 -33 0 0 0 -56 0 -44 0 0 0 0 0 -63 0 0 54 -38 33 45 0 0 77 -50 0 -39 53 46 0 0 0 0 0 0 127 0 0 0 0
0 0 29 0 0 -23 30 -31 0 35 81 20 47 -21 -80 0 0 0 61 -18 0 0 -43 43 20 60 -33 -38 0 35 0 51 0 -24 -60 56 0 -25 96 -33 0 58 44 48 -27 -28 28 19 127 0 -62 0 -42 0 0 0 -30 -29 0 0 -40 -60 0 0
0 0 0 0 0 0 0 0 0 0 0 -128 0 0 0 0 0 0 0 0 0 0 0 0 0 0 0 0 0 0 0 0 0 0 0 0 0 0 0 0 0 0 0 0 0 0 0 0 0 0 0 0 0 0 0 0 0 0 0 0 0 0 0 0
0 0 0 0 0 0 0 0 0 0 0 -128 0 0 44 0 0 0 0 0 0 0 0 0 0 0 0 0 0 0 0 0 0 0 0 0 0 0 0 0 0 0 0 0 0 0 0 0 0 0 0 0 0 0 0 0 0 0 0 0 0 0 0 0
0 0 0 0 0 0 0 0 0 0 0 -128 0 0 0 0 0 0 0 0 0 0 0 0 0 0 0 0 0 0 0 0 0 0 0 0 0 0 0 0 66 0 0 0 0 0 0 0 0 0 0 0 0 0 0 0 0 0 0 0 0 0 0 0
0 0 0 0 0 0 0 0 0 0 0 127 0 0 0 0 0 0 0 0 0 0 0 0 0 0 0 0 0 0 0 0 0 0 0 0 0 0 0 0 0 0 0 0 0 0 0 0 0 0 0 0 0 0 0 0 0 0 0 0 0 0 0 0
0 0 0 0 0 0 0 0 0 0 0 -128 0 0 0 0 0 0 0 0 0 0 0 0 0 0 0 0 0 0 0 0 0 0 0 0 0 0 0 0 0 0 0 0 0 0 0 0 0 0 0 0 0 0 0 0 0 0 0 0 0 0 0 0
0 -39 0 -13 -30 27 -27 -50 -22 61 0 -15 0 44 19 15 -34 0 0 13 -18 -16 -37 -14 52 -19 13 -26 46 -15 -33 0 108 0 -14 53 0 -127 -38 -31 -58 31 -38 88 0 0 -23 -53 -33 -15 31 -21 21 48 -18 -15 52 -26 -88 -15 -55 -25 0 0
0 0 0 0 0 0 0 0 0 0 0 127 0 0 0 0 0 0 0 0 0 0 0 0 0 0 0 0 0 30 0 0 0 0 0 38 0 0 0 0 0 0 36 0 0 0 0 0 37 0 0 0 0 0 0 0 0 0 0 0 0 0 0 0
18 30 0 -110 0 -37 0 0 26 -107 0 0 0 -25 0 -24 -72 -34 0 0 26 28 0 18 0 -27 45 39 -71 -20 0 -74 -22 27 0 0 0 -48 -46 17 0 60 0 0 0 23 27 -22 46 0 -39 0 0 -128 0 18 -54 0 23 -59 -18 -43 0 0
0 0 0 0 0 0 0 0 0 0 0 -127 0 0 0 0 0 0 0 0 0 0 0 0 0 0 0 0 0 0 -48 0 0 0 0 0 0 0 0 0 0 0 0 0 0 0 0 0 0 0 0 0 0 0 0 0 0 0 0 0 0 0 0 0
0 0 0 0 0 0 0 0 0 0 0 127 0 0 0 0 0 0 0 0 0 0 0 0 0 0 0 0 0 0 0 0 0 0 0 0 0 0 0 0 0 0 0 0 0 0 0 0 0 0 0 0 0 0 0 0 0 0 0 0 0 0 0 0
0 0 99 0 47 -79 82 32 -111 101 0 36 33 -37 0 -87 -89 -100 0 0 -51 -55 -100 0 24 0 -25 51 -71 96 0 -119 34 91 -74 0 0 0 0 -67 0 86 -37 0 84 118 45 0 0 -103 -93 -46 47 -90 62 -91 0 0 0 0 0 0 -127 64
0 0 0 0 0 0 0 0 0 0 0 127 0 0 0 0 0 0 0 0 0 0 0 0 0 0 0 0 0 0 0 0 0 0 0 0 0 0 0 0 0 0 0 0 0 0 0 0 0 0 0 0 0 0 0 0 0 0 0 0 0 0 0 0
97 -86 -75 -57 0 29 93 0 0 0 0 0 -54 23 -47 0 -36 0 -64 -89 63 84 51 -65 0 -29 0 0 35 40 -121 0 -34 0 -43 0 0 -35 37 -31 37 0 0 0 25 0 0 118 -43 0 -24 60 -51 0 -128 0 -45 0 63 0 -89 75 26 -43
0 77 -15 -33 0 0 39 21 0 -44 0 0 0 23 0 -20 0 50 -62 -30 -50 52 -19 -25 -23 127 -25 -33 -59 -42 48 -16 0 -27 0 -118 -17 0 28 37 21 0 0 -26 0 20 0 0 -47 -17 0 -61 21 -16 -42 -22 0 -20 86 30 0 0 62 0
-17 0 0 -11 21 -17 17 -11 0 0 0 0 0 24 0 0 -19 0 -21 0 -21 -10 127 -16 0 27 14 0 31 14 10 0 0 20 14 0 0 57 22 15 0 19 0 -17 -21 0 33 0 37 0 0 12 0 12 -35 -45 -16 29 27 71 0 -32 -18 0
0 0 0 0 -52 0 0 0 0 0 0 -128 0 0 0 0 0 0 0 0 0 0 0 0 0 0 0 0 0 0 0 0 0 0 0 0 0 0 0 0 0 0 0 0 0 0 0 0 0 0 0 0 0 0 0 0 0 0 0 0 0 53 0 0
35 0 0 33 0 -36 0 67 60 0 0 -128 0 33 0 0 0 0 0 0 0 0 0 -43 0 0 0 0 0 0 0 -45 0 0 0 -103 0 -90 0 0 0 47 -61 46 0 29 0 0 -93 0 0 0 0 0 0 -32 0 0 0 69 83 0 0 0
-16 -63 20 25 -15 0 -20 -19 12 21 0 0 0 -128 0 -18 -22 12 0 39 26 0 12 34 25 27 -112 12 -27 14 57 -48 0 -52 14 -15 75 12 0 0 -106 0 0 12 33 -38 -90 -73 12 -68 -15 -63 0 -24 -19 -40 11 -19 0 0 0 0 0 44
0 29 -90 -39 -40 0 -62 -40 -46 -33 -23 -38 -61 0 0 -55 0 52 -50 0 34 0 -28 0 -29 -94 0 0 0 -91 -44 -37 27 -35 24 0 -26 -78 0 127 78 0 -36 24 -22 -84 -44 34 -72 -30 27 0 59 53 0 86 28 -51 54 39 0 28 0 -34
0 0 0 0 0 0 0 0 0 0 0 -128 0 0 0 0 0 0 0 0 0 0 0 0 0 0 0 0 0 0 0 0 0 0 0 0 0 0 0 0 0 0 0 0 0 0 0 0 0 0 0 0 0 0 0 0 0 0 0 0 0 0 0 0
0 0 0 0 0 0 0 0 0 0 0 -128 0 0 0 0 0 0 0 0 0 0 0 0 0 0 0 0 0 0 0 0 0 0 0 0 0 0 0 0 0 0 0 0 0 0 0 0 0 0 0 0 0 0 0 0 0 0 0 0 0 0 0 0
0 0 0 0 0 0 0 0 0 0 0 127 0 0 0 0 0 0 0 0 0 0 0 0 0 0 0 0 0 0 0 0 0 0 0 0 0 0 0 0 0 0 0 0 0 0 0 0 0 0 0 0 0 0 0 0 0 0 0 0 0 0 0 0
0 0 0 0 0 -81 0 -53 -42 -23 -39 44 -95 -30 -30 -46 0 -24 -66 28 80 -94 0 0 0 -35 -36 0 0 0 0 -23 30 -48 0 0 0 -121 48 -24 36 58 -24 -27 -26 -48 -40 28 0 0 0 120 0 -27 39 0 -48 0 30 127 -25 -58 0 0
0 0 0 0 0 0 0 0 0 0 0 -127 0 0 0 0 0 0 0 0 0 0 0 0 0 0 0 0 0 0 0 0 0 0 0 0 0 0 0 0 0 0 0 0 0 0 0 0 0 0 0 0 0 0 0 0 0 0 0 0 0 0 0 0
0 0 0 0 0 0 0 0 0 0 0 127 0 0 0 0 0 0 0 0 0 0 0 0 0 0 0 0 0 0 0 0 0 0 0 0 0 0 0 0 0 0 0 0 0 0 0 0 0 0 0 0 0 0 0 0 0 0 0 0 0 0 0 0
0 0 0 0 0 0 0 0 0 0 0 -128 0 0 0 0 0 0 0 0 0 0 0 0 0 0 0 0 0 0 0 0 0 0 0 0 0 0 0 0 0 0 0 0 0 0 0 0 0 0 0 0 0 0 0 0 0 0 0 0 0 0 0 0
0 0 0 0 0 0 0 0 0 0 0 -127 0 0 0 0 0 0 0 0 0 0 0 0 0 0 0 0 0 0 0 0 0 0 0 0 0 0 0 0 0 0 0 0 0 0 0 0 0 0 0 0 0 0 0 0 0 0 0 0 0 0 0 0
0 0 0 0 0 0 0 0 0 0 0 -128 0 0 0 0 0 0 0 0 0 0 0 0 0 0 0 0 0 0 0 0 0 0 0 0 0 0 0 0 0 0 0 0 0 0 0 0 0 0 0 0 0 0 0 0 0 0 0 0 0 0 0 0
0 0 0 0 0 0 0 0 0 0 0 127 0 0 0 0 0 0 0 0 0 0 0 0 0 0 0 0 0 0 0 0 0 0 0 0 0 0 0 0 0 0 0 0 0 0 0 0 0 0 0 0 0 0 0 0 0 0 0 0 0 0 0 0
-103 -82 -65 21 -28 31 -73 0 0 23 0 -35 -87 0 -34 -102 38 17 0 -73 18 -32 69 -73 -33 -19 -83 -104 -14 -91 -59 0 0 -69 0 -22 39 0 14 0 -24 0 0 0 -127 -99 -95 34 0 -23 0 14 -118 0 0 45 0 0 0 -14 0 -54 -66 0
0 0 0 0 0 0 0 0 0 0 0 127 0 0 0 0 0 0 0 0 0 0 0 0 0 0 0 0 0 0 0 0 0 0 0 0 0 0 0 0 0 0 0 0 0 0 0 0 0 0 0 0 0 0 0 0 0 0 0 0 0 0 0 0
-21 87 46 -75 -50 53 92 47 -45 -26 22 0 67 31 0 -22 127 -35 -38 44 -62 112 41 116 -31 74 0 0 0 0 -75 -31 -30 0 40 0 0 -27 38 -24 23 0 0 0 0 25 -75 -79 -24 44 0 -51 0 -23 101 -42 0 0 58 -33 0 0 -39 0
0 0 0 0 0 0 0 0 0 0 0 -128 0 0 0 0 0 0 0 0 0 0 0 0 0 0 0 0 0 0 0 0 0 0 0 0 0 0 0 0 0 0 0 0 0 0 0 0 0 0 0 0 0 0 0 0 0 0 0 0 0 0 0 0
112 0 0 0 53 0 0 0 0 -112 51 0 0 0 67 0 0 0 -59 0 0 0 0 64 0 0 0 64 51 0 0 0 0 0 0 0 0 0 127 0 0 -53 -55 0 -79 63 0 0 0 -60 0 0 122 0 0 0 0 0 0 0 0 0 0 -51
0 0 0 0 0 0 0 0 0 0 0 -128 0 0 0 0 0 0 0 0 0 0 0 0 0 0 0 0 0 0 0 0 0 0 0 0 0 0 0 0 0 0 0 0 0 0 0 0 0 0 0 0 0 0 0 0 0 0 0 0 0 0 0 0
0 -46 52 -72 46 -50 44 87 0 -39 -47 0 0 -42 -59 0 -46 36 0 -70 0 44 0 72 0 35 0 0 -72 0 -88 0 -43 0 34 0 0 0 0 -43 -39 -54 -49 0 -38 -62 -55 43 -76 -85 0 0 0 -95 -128 -63 -57 0 0 -81 0 0 0 -107
-18 0 0 0 -51 0 0 0 -43 -24 0 0 0 0 -22 0 14 11 -13 0 -22 29 0 -25 0 0 -26 0 -40 -12 51 0 -66 -27 0 -61 -19 53 0 111 0 0 0 -75 -23 -21 0 0 0 0 -13 0 0 -38 24 0 -32 0 127 18 19 13 0 0
-45 0 -50 -43 28 -35 -68 75 0 -27 0 0 0 0 -44 0 0 -25 -22 0 -34 -52 33 0 -31 -24 -47 -21 -32 -83 -29 0 0 0 0 -38 -38 0 -50 -63 0 127 -26 -29 0 -24 0 0 -21 47 -48 -52 0 -21 0 0 -37 -21 0 -23 35 -22 -43 26
0 0 0 0 0 0 0 0 0 0 0 127 0 0 0 0 0 0 0 0 0 0 0 0 0 0 0 0 0 0 0 0 0 0 0 0 0 0 0 0 0 0 0 0 0 0 0 0 0 0 0 0 0 0 0 0 0 0 0 0 0 0 0 0
0 0 0 0 0 0 0 0 0 0 0 127 0 0 0 0 0 0 0 0 0 0 0 0 0 0 0 0 0 0 0 0 0 0 0 0 0 0 0 0 0 0 0 0 0 0 0 0 0 0 0 0 0 0 0 0 0 0 0 0 0 0 0 0
0 0 0 0 0 0 0 -47 0 61 -47 0 53 0 0 0 46 0 0 0 0 0 50 51 -53 39 0 0 0 0 0 54 92 -39 70 -38 0 -91 -97 0 0 -127 38 30 53 34 0 0 -104 0 68 0 -65 30 0 68 0 -54 0 0 -71 -44 53 -41
0 0 0 -38 -36 28 -35 -44 -28 25 0 0 0 -36 0 -26 0 42 66 19 0 -45 32 0 -49 -29 -23 0 -21 -52 0 0 0 -25 -38 -21 57 -19 66 29 0 -58 78 0 0 37 0 -43 -127 0 0 -22 -40 -19 -25 39 0 20 0 -18 -60 127 0 0
0 0 0 0 102 0 0 0 0 0 0 126 0 0 0 0 0 0 0 0 0 0 0 0 0 0 0 0 0 0 0 0 0 0 0 0 0 0 0 0 0 127 0 0 0 0 0 0 0 0 0 0 0 0 0 0 0 0 0 0 0 0 0 0
0 0 0 0 0 0 0 0 0 0 0 -128 0 0 0 0 0 0 0 0 0 0 0 0 0 0 0 0 0 0 0 0 0 0 0 0 0 0 0 0 0 0 0 0 0 0 0 0 0 0 0 0 0 0 0 0 0 0 0 0 0 0 0 0
0 0 0 -59 0 0 0 0 0 0 0 -128 59 -60 0 0 0 0 0 0 -58 82 0 0 0 0 0 -110 0 0 -113 0 -61 61 0 0 0 0 0 0 75 0 -70 0 0 0 0 0 0 56 0 0 -80 0 0 0 0 0 0 0 0 -65 67 0
0 0 0 0 0 0 0 0 0 0 0 -128 0 0 0 0 0 0 0 0 0 0 0 0 0 0 0 0 0 0 0 0 0 0 0 0 0 0 0 0 0 0 0 0 0 0 0 0 0 0 0 0 0 0 0 0 0 0 0 0 0 0 0 0
0 0 0 0 0 0 0 0 0 0 0 127 0 0 0 0 0 0 0 0 0 0 0 0 0 0 0 0 0 0 0 0 0 0 0 0 0 0 0 0 0 0 0 0 0 0 0 0 0 0 0 0 0 0 0 0 0 0 0 0 0 0 0 0
0 0 0 0 0 0 0 0 0 0 0 -128 0 0 0 0 0 0 0 0 0 0 0 0 0 0 0 0 0 0 0 0 0 0 0 0 0 0 0 0 0 0 0 0 0 0 0 0 0 0 0 0 0 0 0 0 0 0 0 0 0 0 0 0
0 13 -38 39 -30 -61 -13 -35 -17 29 -127 0 -15 -37 -42 0 34 -36 -53 -16 -26 0 -99 0 23 39 0 -24 14 0 0 37 34 -19 0 -30 96 -50 21 0 0 0 21 0 0 0 0 0 32 15 -30 0 -24 20 13 -36 -47 -44 0 27 -56 -112 -17 0
29 -20 20 0 0 0 26 -79 0 0 -26 -58 23 0 0 48 -22 55 0 0 21 -61 0 0 -27 -48 22 0 0 49 0 0 37 -31 46 -43 0 0 127 -26 0 -112 -37 59 -24 0 24 0 0 21 0 0 0 -30 0 0 -31 0 0 -17 72 -24 -19 -27
0 -17 15 0 20 -12 0 0 -23 0 -118 16 0 17 49 0 -15 0 -128 42 -64 35 -46 0 -25 0 0 29 0 14 -28 0 -25 0 0 0 0 86 0 0 -16 -50 0 -100 0 0 0 -20 0 0 40 -26 23 15 -36 -19 37 116 0 0 -50 36 0 0
-23 0 0 0 -22 35 -48 31 -90 0 -72 45 27 28 0 -31 57 74 81 39 0 0 0 67 0 -36 0 -65 58 0 -27 40 -41 -40 0 0 0 -21 0 -52 0 66 72 -36 -128 -78 24 35 -95 -37 -62 0 0 0 -43 0 -65 0 0 -51 -76 61 -28 -38
-20 -72 24 0 -39 -29 -20 0 38 33 -74 0 114 0 -106 78 -82 -93 72 127 -55 0 -29 -23 0 0 34 -19 0 0 -61 -44 -51 -75 -85 0 65 -43 -31 31 0 0 59 0 -68 -24 26 0 -58 69 0 -25 -74 -91 -107 54 0 -18 0 35 -18 -19 37 -97
0 0 0 0 0 0 0 0 0 0 0 -128 0 0 0 0 0 0 0 0 0 0 0 0 0 0 0 0 0 0 0 0 0 0 0 0 0 0 0 0 0 0 0 0 0 0 0 0 0 0 0 0 0 0 0 0 0 0 0 0 0 0 0 0
0 -24 -31 -29 -84 -96 -49 -44 -43 0 -106 -39 53 52 75 62 0 0 -65 77 28 -23 -94 0 -72 -31 66 52 0 -45 39 -58 -28 0 18 -39 28 37 25 -67 20 127 -17 21 22 17 0 28 0 112 -16 0 -44 0 58 0 0 0 -25 41 52 -92 60 120
0 0 0 0 0 0 0 0 0 0 0 -128 0 0 0 0 0 0 0 0 0 0 0 0 0 0 0 0 0 0 0 0 0 0 0 0 0 0 0 0 0 0 0 0 0 0 0 0 0 0 0 0 0 0 0 0 0 0 0 0 0 0 0 0
0 0 0 0 0 0 0 0 -50 75 0 0 0 0 0 -51 0 0 0 -64 57 0 0 0 0 0 -81 -49 0 0 0 0 -61 -55 0 56 0 0 0 0 -71 50 -48 0 -100 -91 -127 0 -64 0 0 0 -46 0 0 65 0 0 0 0 0 0 0 0
0 0 0 0 0 0 0 0 0 0 0 -128 0 0 0 0 0 0 0 0 0 0 0 0 0 0 0 0 0 0 0 0 0 0 0 0 0 0 0 0 0 0 0 0 0 0 0 0 0 0 0 0 0 0 0 0 0 0 0 0 0 0 0 0
-37 -67 0 127 0 -72 0 -20 -24 126 -35 0 0 -42 0 0 66 -55 0 0 -56 -43 -23 -25 0 -66 0 20 114 0 -37 99 -68 0 -45 -32 0 118 -62 0 -49 21 -53 -84 0 0 0 53 -22 0 -74 -53 0 0 37 0 -86 22 84 -47 -92 0 -50 0
0 -90 35 60 0 0 100 0 -40 46 -99 -30 75 40 0 0 0 -40 0 -51 0 0 0 0 -128 -111 0 -46 -35 100 -43 39 0 -62 0 -104 62 0 0 -62 0 0 0 65 111 65 0 0 -77 0 0 0 0 0 0 -43 34 0 -50 102 29 -97 -54 49
0 59 0 -60 -41 -49 -73 39 0 44 -47 0 -71 0 0 -37 0 43 0 0 0 0 -128 -52 -40 0 0 55 0 -36 -44 0 114 0 72 0 60 126 45 -75 0 68 41 41 -36 -38 37 0 53 0 0 75 -67 0 0 0 -42 52 0 73 -44 0 46 0
0 0 0 0 0 0 0 0 0 0 0 -128 0 0 0 0 0 0 0 0 0 0 0 0 0 0 0 0 0 0 0 0 0 0 0 0 0 0 0 0 0 0 0 0 0 0 0 0 0 0 0 0 0 0 0 0 0 0 0 0 0 0 0 0
-29 0 -36 29 0 71 0 33 0 99 0 58 0 0 0 0 0 -45 0 66 -62 -28 29 -37 0 -35 -34 0 84 58 0 0 78 48 -32 0 0 0 38 0 -32 127 36 0 0 0 0 -69 -94 0 -58 0 0 89 0 44 0 -28 0 0 64 0 0 0
0 0 0 0 0 0 0 0 0 0 0 127 0 0 0 0 0 0 0 0 0 0 0 0 0 0 0 0 0 0 0 0 0 0 0 0 0 0 0 0 0 0 0 0 0 0 0 0 0 0 0 0 0 0 0 0 0 0 0 0 0 0 0 0
-61 -27 -33 0 0 0 44 98 0 0 51 0 -31 0 0 -28 0 25 28 0 0 -47 0 -54 -43 -48 -32 -37 0 37 0 0 -45 -43 0 -91 0 25 -39 -35 -30 -31 -49 31 -51 0 0 26 -91 0 0 45 0 0 0 -56 24 29 -27 49 127 51 0 0
-44 0 0 0 0 0 0 0 0 0 0 -127 0 0 0 44 0 0 0 0 0 0 0 0 0 0 0 -40 0 0 0 0 0 0 0 0 0 0 0 0 0 0 0 0 0 34 0 0 35 0 0 0 45 0 0 0 0 0 0 0 0 0 0 0
37 65 -51 26 -18 -25 -34 0 -12 -25 -18 0 -24 13 -22 -24 0 0 -39 -33 50 0 -26 73 0 0 -18 0 -19 -52 0 0 -55 -30 0 -31 73 127 0 17 70 0 -12 -38 17 0 0 16 0 -37 0 -35 27 -21 -23 -58 -30 0 15 0 -41 0 0 41
0 0 -36 0 37 -62 0 0 0 -37 -29 64 0 -108 -119 0 0 -37 27 -79 39 -60 -101 0 -52 -25 -77 -70 -25 38 0 -28 30 -30 -34 0 0 64 46 0 47 56 0 0 0 0 -32 48 0 0 -68 0 -31 -84 26 0 -128 0 0 -47 -24 -112 0 -30
0 0 0 0 0 0 0 0 0 0 0 127 0 0 0 0 0 0 0 0 0 0 0 0 0 0 0 0 0 0 0 0 0 0 0 0 0 0 0 0 0 0 0 0 0 0 0 0 0 0 0 0 0 0 0 0 0 0 0 0 0 0 0 0
-94 -103 0 0 -89 0 0 -96 0 55 0 -67 -90 0 0 0 40 42 0 0 0 0 0 48 0 46 0 -128 0 0 0 0 -61 -43 0 39 61 -53 0 -43 0 48 -38 0 58 0 -44 0 -41 -45 -123 0 54 0 48 40 44 0 -60 0 0 37 0 45
-50 -39 -40 31 0 -45 -30 0 -32 0 31 127 -45 31 0 0 0 0 0 0 0 -66 0 -43 0 0 36 56 0 -38 -57 0 0 0 0 0 -89 -40 25 -41 0 59 -117 0 0 -50 0 26 -116 -32 0 0 0 0 0 0 36 -40 0 51 -25 0 -42 0
0 39 0 25 63 0 0 0 -51 113 26 0 0 30 0 0 0 -95 0 32 -67 0 0 0 0 -69 -28 51 -83 0 52 -45 -69 0 27 46 0 0 65 -55 0 42 -30 30 53 0 0 0 127 0 30 0 53 -32 69 0 36 0 0 0 0 -58 0 83
0 46 -63 -15 0 21 -46 0 -63 -41 36 0 -27 26 -128 -20 -37 -65 0 -45 -88 -31 20 -89 30 -21 26 0 11 -71 -97 36 0 84 -33 -23 37 -14 0 15 44 -17 0 -11 12 75 49 0 0 20 -31 -26 -25 14 -59 -47 -58 0 -19 0 0 21 -52 -27
0 0 0 0 0 0 0 0 0 0 0 -128 0 0 0 0 0 0 0 0 0 0 0 0 0 0 0 0 0 0 0 0 0 0 0 0 0 0 0 0 0 0 0 0 0 0 0 0 0 0 0 0 0 0 0 0 0 0 0 0 0 0 0 0
0 0 0 0 0 0 0 0 0 0 0 127 0 0 0 0 0 0 0 0 0 0 0 0 0 0 0 0 0 0 0 0 0 0 0 0 0 0 0 0 0 0 0 0 0 0 0 0 0 0 0 0 0 0 0 0 0 0 0 0 0 0 0 0
0 0 0 0 0 0 0 0 0 0 0 -128 0 0 0 0 0 0 0 0 0 0 0 0 0 0 0 0 0 0 0 0 0 0 0 0 0 0 0 0 0 0 0 0 0 0 0 0 0 0 0 0 0 0 0 0 0 0 0 0 0 0 0 0
0 0 0 0 0 0 0 0 0 0 0 127 0 0 0 0 0 0 0 0 0 0 0 0 0 0 0 0 0 0 0 0 0 0 0 0 0 0 0 0 0 0 0 0 0 0 0 0 0 0 0 0 0 0 0 0 0 0 0 0 0 0 0 0
0 0 0 0 0 0 0 0 0 0 0 -127 0 0 0 0 0 0 0 0 0 0 0 0 0 0 0 0 0 0 0 0 0 0 0 0 0 0 0 0 0 0 0 0 0 0 0 0 0 0 0 0 0 0 0 0 0 0 0 0 0 0 0 0
0 0 0 0 0 0 0 0 0 0 0 -127 0 0 0 0 0 0 0 0 0 0 0 0 0 0 0 0 0 0 0 0 0 0 0 0 0 0 0 0 0 0 0 0 0 0 0 0 0 0 0 0 0 0 0 0 0 0 0 0 0 0 0 0
0 59 0 -128 0 41 0 -40 0 -34 0 0 47 35 0 0 64 0 0 0 -70 -49 0 67 -54 0 0 0 0 0 0 -80 -37 0 54 0 0 0 0 0 0 74 0 0 0 0 -42 0 -81 0 -41 0 0 0 0 0 -44 0 52 -50 -79 -63 49 0
0 -57 0 41 114 -32 52 0 103 57 90 0 0 -58 -80 0 0 0 0 -55 0 -71 0 43 -45 72 0 0 104 0 -55 96 0 0 39 0 32 -117 -125 -88 0 34 -128 0 -77 0 0 91 0 -70 0 -37 0 0 0 0 -80 -54 -53 -87 -105 -54 0 -71
0 0 0 0 0 0 0 0 0 0 0 -127 0 0 0 0 0 0 0 0 0 0 0 0 0 0 0 0 0 0 0 0 0 0 0 0 0 0 0 0 0 0 0 0 0 0 0 0 0 0 0 0 0 0 0 0 -39 0 0 0 0 0 0 0
0 -78 -21 -36 0 0 0 0 55 -59 127 0 76 -87 23 85 -46 -35 -32 44 0 0 56 0 0 -32 0 0 -25 0 62 -63 0 -86 -49 0 38 -41 -44 -31 -57 -31 -28 -36 0 -70 -58 -53 69 0 -76 -77 63 -54 -35 26 -51 -26 -32 -22 -55 84 105 0
12 -24 19 -13 0 25 -28 26 0 -12 -48 29 -12 0 0 -24 0 35 0 13 0 -16 -89 -12 24 -24 14 0 0 15 -25 -18 13 0 20 81 0 0 -22 -29 0 0 53 59 -24 -13 -19 -21 35 -21 19 -32 -15 39 -32 -46 0 -128 -41 -62 -49 -105 0 -26
28 35 0 0 0 -29 0 0 0 0 0 -128 39 53 0 -33 0 0 0 0 0 0 0 28 0 0 0 28 0 0 -33 29 0 0 0 0 0 0 0 0 -34 0 0 0 0 -71 47 0 0 0 0 0 0 -32 0 0 0 0 0 0 0 0 0 0
0 0 0 -81 49 -61 59 0 0 0 0 0 0 -55 0 0 0 0 0 -49 -38 0 0 0 0 0 0 0 0 68 0 -49 56 0 -128 0 0 78 0 0 -64 57 0 0 0 0 0 -62 0 0 0 0 0 0 40 -70 0 0 0 46 0 0 0 0
0 43 0 -32 29 0 -36 0 -32 -74 0 -81 0 0 0 -47 -30 -39 0 32 0 0 0 0 28 -89 0 47 0 0 35 0 78 0 -128 34 0 79 47 35 74 0 -54 29 67 35 0 -75 0 82 -53 -28 -30 0 33 -27 0 0 0 0 -42 0 0 0
0 0 0 0 0 0 0 0 0 0 0 127 0 0 0 0 0 0 0 0 0 0 0 0 0 0 0 0 0 0 0 0 0 0 0 0 0 0 0 0 0 0 0 0 0 0 0 0 0 0 0 0 0 0 0 0 0 0 0 0 0 0 0 0
-101 -65 33 -91 -42 0 -51 -25 -46 -29 30 64 -95 67 54 -70 -93 25 62 0 -119 -57 -72 -128 0 36 48 0 0 0 -50 -55 -37 -17 0 -41 0 68 53 0 -92 55 -46 -101 -102 -85 -63 -96 -36 0 75 -122 0 0 -92 -55 48 29 29 29 0 -48 -77 22
0 0 0 0 0 0 0 0 0 0 0 127 0 0 0 0 0 0 0 0 0 0 0 0 0 0 0 0 0 0 0 0 0 0 0 0 0 0 0 0 0 0 0 0 0 0 0 0 0 0 0 0 0 0 0 0 0 0 0 0 0 0 0 0
0 0 0 0 0 0 0 0 0 0 0 -128 0 0 0 0 0 0 0 0 0 0 0 0 0 0 0 0 0 0 0 0 0 0 0 0 0 0 0 0 0 0 0 0 0 0 0 0 0 0 0 0 0 0 0 0 0 0 0 0 0 0 0 0
69 0 0 41 56 0 -105 0 0 120 0 45 39 72 -127 -57 -71 0 -45 75 -41 0 -53 0 0 58 0 0 95 -73 -92 -59 0 117 -99 0 60 0 0 0 40 78 0 61 -64 0 0 63 68 0 0 -96 -38 -41 0 0 89 0 0 0 0 -40 0 0
32 0 -106 -26 -38 -38 0 0 -62 -25 -42 19 -36 -125 -102 -33 0 -64 -44 -54 40 69 19 30 -16 25 -104 -86 -18 -85 25 0 44 -84 -59 77 -35 -128 25 0 52 53 -48 91 -39 -40 -25 44 0 0 -111 33 0 -80 28 27 -114 0 0 34 47 80 0 0
0 -128 31 60 -43 0 71 23 0 49 -45 0 -29 -119 83 -76 45 43 0 63 70 18 -18 41 -19 63 -118 34 -118 52 77 -110 -26 -107 113 34 -73 41 0 0 -127 0 0 0 0 -69 -72 -30 -35 0 67 0 -53 -39 80 36 49 0 28 -19 32 -59 0 0
-29 -51 -20 0 -128 49 -22 -24 0 24 0 -32 -36 0 27 -24 0 0 26 0 26 0 35 0 0 -62 0 0 0 -30 -43 0 -17 -29 0 0 27 -34 -53 0 0 -18 -45 -37 -85 -88 -77 23 0 56 21 0 -29 0 -21 46 0 0 0 -28 0 0 -18 0
0 21 -28 40 0 -52 0 40 -17 -35 -114 57 0 -19 -64 0 25 33 -128 -27 0 0 -113 25 -67 -23 -59 -49 -47 15 -18 17 0 -40 39 0 0 65 -57 0 0 15 40 -52 0 0 0 0 52 -50 -25 28 -27 -35 -20 -31 -38 18 40 0 -31 -66 0 -39
0 0 -37 59 0 0 58 0 0 0 -48 80 0 0 0 -38 48 0 -66 -49 0 0 -80 62 -57 0 0 0 0 0 0 0 0 0 0 65 -110 36 0 0 54 0 -101 0 0 -88 -80 77 -128 0 64 0 0 0 0 0 0 -52 36 0 0 0 0 0
71 28 -36 0 36 -53 45 64 0 -89 -43 83 0 -48 -103 0 -39 0 -62 -72 0 28 -128 -28 -26 -32 -69 0 0 49 0 30 0 -111 0 -56 -26 49 -59 30 0 38 47 -34 44 0 0 28 -57 -61 -96 69 32 -110 0 0 -80 27 0 -51 -33 0 78 -26
-17 0 0 -34 0 -51 -37 -19 0 0 0 0 42 0 0 46 0 0 -31 0 -42 -18 61 0 0 24 -21 18 28 -35 -20 39 45 0 0 -16 0 56 -128 0 -39 0 -79 -58 -45 -49 52 0 80 39 37 99 0 49 0 0 0 -30 0 79 0 -46 21 -30
0 13 77 -82 -18 41 -53 0 -41 -62 -16 0 -53 27 0 -35 -45 0 -38 -39 -62 127 -27 -41 41 0 54 -15 0 0 0 -39 0 0 34 47 0 -40 -27 84 0 14 -18 27 -56 -13 20 0 33 0 34 23 -50 0 0 -14 -16 -13 0 -23 0 -25 0 -13
0 0 0 0 0 0 0 0 0 0 0 127 0 0 0 0 0 0 0 0 0 0 0 0 0 0 0 0 0 0 0 0 0 0 0 0 0 0 0 0 0 0 0 0 0 0 0 0 0 0 0 0 0 0 0 0 0 0 0 0 0 0 0 0
0 0 0 0 -46 -36 41 -38 -95 0 0 44 -48 -44 -51 -128 -84 -48 0 0 0 36 0 50 0 0 0 0 0 34 0 0 -112 -104 -39 113 0 -76 -82 0 -54 0 0 0 42 0 0 0 -63 0 -76 101 0 -34 0 0 0 -57 -41 -59 -125 0 0 66
0 14 24 48 -14 18 -19 0 -17 42 0 0 16 45 -15 16 -48 127 0 49 67 0 19 -20 0 -15 11 -33 0 0 0 19 0 18 -60 -17 -10 -11 0 0 0 15 0 0 0 15 30 29 16 0 -40 0 0 -16 -41 20 63 0 0 0 28 0 0 0
0 0 0 0 0 0 0 0 0 0 0 -128 0 0 0 0 0 0 0 0 0 0 0 0 0 0 0 0 0 0 0 0 0 0 0 0 0 0 0 0 0 0 0 0 0 0 0 0 0 0 0 0 0 0 0 0 0 0 0 0 0 0 0 0
-39 22 63 22 -23 0 -59 58 -79 -104 -121 -44 -109 82 0 -69 0 -59 0 -24 0 0 -128 -74 43 0 70 -42 -34 26 42 40 0 36 -126 0 -26 0 -38 29 121 0 0 0 -107 -65 0 73 -93 126 -75 0 -120 -45 0 -42 51 0 0 36 0 -63 -64 93
96 53 23 31 32 17 101 -32 20 0 -19 0 -48 -29 24 81 -30 -30 19 0 97 0 25 -68 54 -19 44 101 0 127 78 0 0 23 0 33 0 -37 -63 0 20 0 30 -17 72 -32 -17 0 17 21 32 0 -35 0 -19 0 -20 0 26 0 21 0 0 18
0 0 0 0 0 0 0 0 0 0 0 -128 0 0 0 0 0 0 0 0 0 0 0 0 0 0 0 0 0 0 0 0 0 0 0 0 0 0 0 0 0 0 0 0 0 0 0 0 0 0 0 0 0 0 0 0 0 0 0 0 0 0 0 0
0 0 0 0 -70 0 0 64 0 -100 0 0 0 0 0 -54 -55 0 0 0 0 0 0 65 0 0 79 48 -82 0 56 -128 0 0 46 -58 0 -101 -76 -60 0 0 0 0 -49 0 0 0 0 -77 58 0 0 0 0 0 0 0 -78 -63 0 92 0 0
-37 0 0 0 -65 -43 -96 0 -54 0 0 0 -95 0 0 -74 0 0 63 0 -38 0 37 0 -52 0 44 30 0 -60 0 0 0 52 29 0 0 0 -105 -36 68 125 127 0 68 67 0 23 -96 0 0 -41 -45 63 52 -34 -34 0 -25 -65 0 30 0 25
0 0 0 0 0 0 0 0 0 0 0 127 0 0 0 0 0 0 0 0 0 0 0 0 0 0 0 0 0 0 0 0 0 0 0 0 0 0 0 0 0 0 0 0 0 0 0 0 0 0 0 0 0 0 0 0 0 0 0 0 0 0 0 0
0 0 0 0 0 0 0 0 0 0 0 -128 0 0 0 0 0 0 0 0 0 0 0 0 0 0 0 0 0 0 0 0 0 0 0 0 0 0 0 0 0 0 0 0 0 0 0 0 0 0 0 0 0 0 0 0 0 0 0 0 0 0 0 0
0 0 0 0 0 0 0 0 0 0 46 -128 0 0 0 0 0 0 53 0 0 0 0 0 0 0 0 0 0 0 0 0 0 0 0 0 0 0 43 0 0 0 0 0 0 0 0 0 0 0 0 0 0 0 0 0 0 0 0 0 0 -48 0 0
127 0 0 -37 0 0 0 113 0 0 0 0 0 0 0 -44 -56 0 76 0 0 0 0 0 0 -41 0 0 -61 -43 -34 -91 -108 0 0 0 0 -66 49 -55 -63 86 0 0 -36 -35 0 -62 0 0 41 0 0 -67 -64 0 0 0 0 0 0 -42 35 42
0 -52 0 111 0 0 0 0 0 0 -75 88 0 0 0 84 0 -60 0 0 0 -68 0 0 0 0 0 -51 127 0 0 0 0 0 -55 64 64 78 57 0 0 85 0 0 0 52 0 -79 0 89 0 -82 0 116 0 0 55 0 79 -72 54 -84 0 0
-101 -63 102 0 0 34 55 -59 -76 -76 0 0 124 0 48 0 0 0 0 66 0 0 49 93 0 52 0 -78 0 118 81 0 0 -61 31 55 0 0 0 0 -55 45 85 0 0 0 0 -71 0 48 56 34 80 0 0 32 127 0 -36 77 94 0 0 -40
0 0 0 0 0 0 0 0 0 0 0 127 0 0 0 0 0 0 0 0 0 0 0 0 0 0 0 0 0 0 0 0 0 0 0 0 0 0 0 0 0 0 0 0 0 0 0 0 0 0 0 0 0 0 0 0 0 0 0 0 0 0 0 0
0 0 0 0 -39 69 -22 -34 52 -50 26 0 -27 -23 29 28 18 -26 50 -47 0 0 0 0 127 0 55 42 48 33 -22 0 67 58 78 0 -16 19 44 -19 0 0 0 -18 0 23 -26 25 0 48 69 0 -23 55 0 0 -65 0 -65 0 0 -32 0 -25
0 0 -24 0 -38 0 44 -21 27 -26 127 -47 0 0 -54 56 0 48 -44 -31 0 0 0 0 -29 0 0 0 0 -28 0 0 55 0 0 0 0 0 99 0 0 0 -77 -16 20 -54 0 29 0 0 20 0 24 19 18 -32 33 -59 0 -43 33 -19 -17 0
-55 0 121 -23 -48 -31 60 0 -46 -56 35 0 -29 44 -50 -61 -31 0 0 0 -48 0 -50 -18 0 0 67 -128 32 92 -21 57 0 71 -66 0 -25 0 20 33 20 0 0 -27 -25 31 74 0 -39 18 -56 26 0 0 -43 -69 0 -21 28 -33 61 36 -45 0
0 0 0 0 0 0 0 0 0 0 0 127 0 0 0 0 0 0 0 0 0 0 0 0 0 0 0 0 0 0 0 0 0 0 0 0 0 0 0 0 0 0 0 0 0 0 0 0 0 0 0 0 0 0 0 0 0 0 0 0 0 0 0 0
-24 0 -28 0 0 46 0 0 0 108 0 0 0 0 0 26 0 -56 0 0 -28 34 0 81 0 0 -34 26 57 0 0 -37 127 0 0 0 0 0 -46 0 26 -26 -61 -37 0 -24 0 0 0 0 -38 -37 -24 -29 0 0 -32 0 0 0 -29 -24 0 -27
0 0 0 0 0 0 0 0 0 0 0 -128 0 0 0 0 0 0 0 0 0 0 0 0 0 0 0 0 0 0 0 0 0 0 0 0 0 0 0 0 0 0 0 0 0 0 0 0 0 0 0 0 0 0 0 0 0 0 0 0 0 0 0 0
0 -28 -45 49 28 -34 0 0 0 46 -29 0 0 27 54 -35 -53 -29 -57 -25 91 -73 35 63 0 -33 0 0 -51 0 26 0 0 0 0 -29 0 -47 0 54 0 30 -72 0 0 -45 0 0 26 -34 0 127 99 0 -54 0 25 0 -48 51 0 25 -56 25
0 0 0 0 0 0 0 0 0 0 0 -128 0 0 0 0 0 0 0 0 0 0 0 0 0 0 0 0 0 0 0 0 0 0 0 0 0 0 0 0 0 0 0 0 0 0 0 0 0 0 0 0 0 0 0 0 0 0 0 0 0 0 0 0
0 0 0 0 0 0 0 0 0 0 0 127 0 0 0 0 0 0 0 0 0 0 0 0 0 0 0 0 0 0 0 0 0 0 0 0 0 0 0 0 0 0 0 0 0 0 0 0 0 0 0 0 0 0 0 0 0 0 0 0 0 0 0 0
0 0 0 0 0 0 0 0 0 0 0 -127 0 0 0 0 0 0 0 0 0 0 0 0 0 0 0 0 0 0 0 0 0 0 0 0 0 0 0 0 0 0 0 0 0 0 0 0 0 0 0 0 0 0 0 0 0 0 0 0 0 0 0 0
-30 23 22 -24 -24 -27 0 40 0 -86 0 57 0 24 44 -30 -48 -40 -21 34 26 -48 0 0 31 0 33 27 -127 31 0 -68 0 0 0 -28 0 -42 -42 29 0 0 -41 -24 -50 0 0 0 0 0 -38 0 28 -105 0 30 0 0 37 -21 -56 0 0 0
0 0 0 0 0 0 0 0 0 0 0 -128 0 0 0 0 0 0 0 0 0 0 0 0 0 0 0 0 0 0 0 0 0 0 0 0 0 0 0 0 0 0 0 0 0 0 0 0 0 0 0 0 0 0 0 0 0 0 0 0 0 0 0 0
0 0 0 0 0 0 0 0 0 0 0 -128 0 0 0 0 0 0 0 0 0 0 0 0 0 0 0 0 0 0 0 0 0 0 0 0 0 0 0 0 0 0 0 0 0 0 0 0 0 0 0 0 0 0 0 0 0 0 0 0 0 0 0 0
0 0 -19 -16 -20 71 0 -48 -41 29 -38 49 -18 36 17 -22 0 -29 0 28 22 34 28 34 25 -34 20 0 0 16 0 0 36 -21 -77 16 -26 -39 33 92 31 0 0 -37 -22 -25 0 0 34 43 0 0 -37 0 0 38 33 0 75 0 -128 -26 40 0
0 0 0 0 0 0 0 0 0 0 0 -128 0 0 0 0 0 0 0 0 0 0 0 0 0 0 0 0 0 0 0 0 0 0 0 0 0 0 0 0 0 0 0 0 0 0 0 0 0 0 0 0 0 0 0 0 0 0 0 0 0 0 0 0
-26 0 -20 -19 0 -39 33 0 0 -27 -28 0 0 0 0 24 0 39 0 -32 29 0 0 30 0 0 0 0 0 0 0 65 127 -39 0 0 25 0 53 0 0 0 0 -51 0 0 0 32 0 0 0 0 24 0 0 0 0 -35 0 -40 -38 0 0 0
0 0 0 0 0 0 0 0 0 0 0 127 0 0 0 0 0 0 0 0 0 0 0 0 0 0 0 0 0 0 0 0 0 0 0 0 0 0 0 0 0 0 0 0 0 0 0 0 0 0 0 0 0 0 0 0 0 0 0 0 0 0 0 0
-44 -62 0 0 -111 0 68 0 -66 0 66 -41 -38 0 0 -59 0 0 0 -33 0 0 66 73 -46 0 0 0 0 -87 -32 0 0 -82 0 54 -78 40 -32 0 0 53 -115 0 0 -36 -68 56 -128 0 39 0 33 0 0 0 0 0 0 0 -81 46 0 0
20 -85 68 -47 -66 0 94 0 0 -34 63 0 -56 0 -35 -31 0 0 22 -81 0 20 -37 -76 0 -61 0 85 56 67 -76 27 -61 -78 37 0 -20 0 -67 -30 0 51 -34 0 36 -65 -55 24 -22 -34 46 0 -128 0 -55 0 -55 69 0 0 0 76 -52 -35
24 0 -21 0 0 -33 -41 76 0 -22 22 -128 0 -26 0 0 0 22 -19 25 0 0 -33 0 22 0 0 22 -52 -58 0 -38 0 35 51 -60 -20 0 75 -33 0 0 -69 0 0 -35 0 0 -37 0 21 -25 0 -21 0 0 -30 39 0 0 90 -29 25 0
0 0 0 0 0 0 0 0 0 0 0 -127 0 0 0 0 0 0 0 0 0 0 0 0 0 0 0 0 0 0 0 0 0 0 0 0 0 0 0 0 0 0 0 0 0 0 0 0 0 0 0 0 0 0 0 0 0 0 0 0 0 0 0 0
-31 35 -38 0 48 -42 0 -106 53 -30 24 0 -72 0 0 0 0 27 0 0 0 68 0 -33 0 127 29 0 -22 -24 0 0 0 36 0 32 0 0 52 76 0 25 -88 0 -34 26 -70 0 -47 36 0 0 0 0 0 -37 -24 -33 25 86 -51 58 49 0
53 -23 126 0 -45 -84 -27 -55 71 0 37 42 -47 27 25 0 -37 0 -36 0 0 0 -65 0 39 28 82 61 29 0 0 -41 57 83 50 93 31 -55 0 -30 24 -59 -103 53 51 55 37 0 127 0 0 -58 0 -88 0 0 0 -23 -73 44 -30 -40 -30 -33
-52 15 0 0 22 -23 54 -32 49 0 39 -16 43 24 -34 -38 0 19 0 56 0 0 -26 24 57 127 0 -44 0 80 0 0 0 39 0 40 0 0 -31 0 30 0 -22 -15 -54 17 69 18 -45 14 0 0 0 -19 0 0 26 -25 -24 0 0 17 0 0
0 -78 -85 -106 -52 30 0 -54 -41 -45 0 24 0 90 92 0 -73 -46 -48 26 -24 0 0 0 -26 -45 89 50 -45 0 -77 -124 -77 40 -86 70 -33 127 0 0 -68 85 32 -43 0 -61 0 -59 0 0 43 -32 38 0 -65 -39 113 -90 29 -58 -80 0 -24 0
0 0 -70 -49 107 -64 -93 -79 -78 40 0 0 0 -81 0 58 0 0 0 0 82 0 0 0 0 0 -62 -70 -101 0 0 -127 -87 0 0 0 0 -58 -69 0 -76 0 0 127 0 -127 0 45 0 0 0 0 -72 -68 0 0 0 -43 0 0 53 -41 0 40
0 0 0 0 0 0 0 0 0 0 0 127 0 0 0 0 0 0 0 0 0 0 0 0 0 0 0 0 0 0 0 0 0 0 0 0 0 0 0 0 0 0 0 0 0 0 0 0 0 0 0 0 0 0 0 0 0 0 0 0 0 0 0 0
54 0 -40 0 0 38 82 -128 -44 0 58 97 -89 47 0 -52 0 0 -105 0 0 0 80 0 0 0 -65 0 68 0 59 -58 0 -48 0 0 -107 0 -99 0 56 0 -113 0 44 0 0 -43 68 0 -60 -44 90 0 0 0 0 0 0 0 -46 -74 0 90
0 -29 0 -46 45 0 0 121 31 -67 0 38 0 -24 -18 0 -89 37 28 0 -22 0 27 0 0 0 26 -28 -40 0 0 -128 86 0 -66 0 0 24 -40 0 0 46 0 -32 0 0 0 0 -28 -53 -94 -19 0 -92 0 -23 0 0 20 0 0 40 0 0
-37 -54 0 0 43 0 37 0 63 34 -66 0 0 -52 -58 48 -70 0 -37 19 -29 -49 -67 -61 32 0 -48 -55 56 48 -128 25 0 36 48 0 0 0 -18 -75 -107 0 -41 31 25 36 0 -110 -21 -71 0 -51 0 55 -98 -37 -37 36 -58 22 0 0 -78 -24
0 0 0 0 0 0 0 0 0 0 0 -128 0 0 0 0 0 0 0 0 0 0 0 0 0 0 0 0 0 0 0 0 0 0 0 0 0 0 0 0 0 0 0 0 0 0 0 0 0 0 0 0 0 0 0 0 0 0 0 0 0 0 0 0
0 0 0 -43 -32 -31 0 44 0 0 -28 -27 0 -49 -58 0 50 0 27 0 0 0 0 0 -41 0 0 0 -39 26 0 -26 -128 -54 0 0 0 0 -40 0 0 42 0 0 0 29 -44 0 0 0 0 0 0 -35 0 0 -30 0 0 0 0 40 0 0
58 0 74 -80 0 -128 0 0 0 -122 0 60 0 -54 0 0 -54 96 0 0 66 0 44 0 0 0 51 48 -107 0 0 57 -57 0 75 0 -65 0 0 0 0 -39 0 -48 44 0 38 0 67 -70 81 0 47 0 0 46 38 -54 -38 -64 -71 -65 0 0
0 0 0 0 0 0 0 0 0 0 0 127 0 0 0 0 0 0 0 0 0 0 0 0 0 0 0 0 0 0 0 0 0 0 0 0 0 0 0 0 0 0 0 0 0 0 0 0 0 0 0 0 0 0 0 0 0 0 0 0 0 0 0 0
-28 62 0 48 -86 0 -94 51 -38 -50 95 24 -66 73 60 -76 67 -59 51 106 61 -30 96 0 20 -127 69 64 -114 -111 50 -28 0 24 -46 -30 -39 -44 -27 0 94 0 -48 -56 -50 -45 -103 36 -76 111 32 -25 -35 0 84 31 103 63 0 -20 -77 67 69 92
0 0 0 0 0 0 0 0 0 0 0 -128 0 0 0 0 0 0 0 0 0 0 0 0 0 0 0 0 0 0 0 0 0 0 0 0 0 0 0 0 0 0 0 0 0 0 0 0 0 0 0 0 0 0 0 0 0 0 0 0 0 0 0 0
0 70 0 0 23 20 46 -23 -40 48 -111 0 0 33 30 27 -65 0 -99 -24 0 55 0 27 -54 56 0 32 74 59 0 -37 -35 -19 0 0 0 43 0 0 0 24 0 -73 -47 0 0 -96 0 27 0 0 27 70 -63 -35 22 127 0 0 -35 106 0 0
0 0 0 0 0 0 0 0 0 0 0 127 0 0 0 0 0 0 0 0 0 0 0 0 0 0 0 0 0 0 0 0 0 0 0 0 0 0 0 0 0 0 0 0 0 0 0 0 0 0 0 0 0 0 0 0 0 0 0 0 0 0 0 0
0 0 0 0 0 0 0 0 0 0 0 -128 0 0 0 0 0 0 0 0 0 0 0 0 0 0 0 0 0 0 0 0 0 0 0 0 0 0 0 0 0 0 0 0 0 0 0 0 0 0 0 0 0 0 0 0 0 0 0 0 0 0 0 0
0 0 0 0 0 0 0 0 0 0 0 -128 0 0 0 0 0 0 0 0 0 0 0 0 0 0 0 0 0 0 0 0 0 0 0 0 0 0 0 0 0 0 0 0 0 0 0 0 0 0 0 0 0 0 0 0 0 0 0 0 0 0 0 0
0 0 0 0 0 0 0 0 0 0 0 127 0 0 0 0 0 0 0 0 0 0 0 0 0 0 0 0 0 0 0 0 0 0 0 0 0 0 0 0 0 0 0 0 0 0 0 0 0 0 0 0 0 0 0 0 0 0 0 0 0 0 0 0
0 0 0 0 0 0 0 0 0 0 0 -128 0 0 0 0 0 0 0 0 0 0 0 0 0 0 0 0 0 0 0 0 0 0 0 0 0 0 0 0 0 0 0 0 0 0 0 0 0 0 0 0 0 0 0 0 0 0 0 0 0 0 0 0
0 0 0 0 0 0 0 0 0 0 0 -128 0 0 0 0 0 0 0 0 0 0 0 0 0 0 57 0 0 0 0 0 0 0 0 0 0 -51 0 0 -90 0 0 0 0 0 0 0 0 0 0 0 0 0 0 -53 0 0 0 0 0 0 0 0
0 30 -27 0 126 56 0 -77 0 0 0 -76 0 27 0 51 28 0 -61 -21 0 0 -121 -44 0 0 0 -32 -79 0 -48 66 0 23 26 0 62 -33 0 25 -59 46 53 0 81 34 0 -35 28 -47 0 -38 -32 0 74 124 0 24 22 -128 -43 107 -71 43
0 0 0 0 0 0 0 0 0 0 0 127 0 0 0 0 0 0 0 0 0 0 0 0 0 0 0 0 0 0 0 0 0 0 0 0 0 0 0 0 0 0 0 0 0 0 0 0 0 0 0 0 0 0 0 0 0 0 0 0 0 0 0 0
42 0 -59 -41 0 0 0 35 0 -84 0 57 0 0 0 0 51 -60 -42 0 0 39 -115 0 0 -60 -64 51 0 54 -48 77 73 -62 0 0 -31 72 0 0 0 0 0 -87 0 -43 -43 37 -61 0 0 0 0 -58 -38 0 -128 31 0 -57 -59 -55 0 -32
0 0 -34 0 0 0 0 0 0 0 0 -128 0 0 0 0 0 0 0 0 0 0 0 0 0 0 0 0 0 0 0 0 0 0 0 0 0 0 0 0 0 60 0 0 0 0 0 0 0 0 0 0 0 0 0 0 0 0 0 0 0 0 0 0
0 0 0 0 0 0 0 0 0 0 0 -128 0 0 0 0 0 0 0 0 0 0 0 0 0 0 0 0 0 0 0 0 0 0 0 0 0 0 0 0 0 0 0 0 0 0 0 0 0 0 0 0 0 0 0 0 0 0 0 0 0 0 0 0
-128 0 -22 -78 0 0 -21 61 0 -24 -48 23 31 27 65 0 98 -41 0 35 -91 -22 35 107 -47 -65 21 35 0 0 60 0 44 0 48 0 0 -59 37 -60 51 67 -30 62 0 29 63 -34 0 0 82 77 78 30 0 44 -34 0 -35 -36 0 0 -33 0
-54 0 0 0 0 0 0 0 0 0 0 -128 0 0 0 0 0 0 0 0 0 0 0 0 0 0 0 0 0 0 0 0 0 0 0 0 0 0 0 0 0 0 0 0 0 0 0 0 0 0 0 0 0 0 0 0 0 0 0 0 0 0 0 0
0 0 34 0 -43 0 0 0 0 0 0 -127 0 0 0 0 0 0 0 0 0 -35 0 55 -54 37 33 0 32 0 0 -59 -35 84 0 0 0 0 -59 0 0 0 -57 0 0 50 0 0 0 -32 0 0 0 -53 0 0 56 52 0 0 0 0 0 0
79 0 -54 18 17 0 -20 27 44 40 0 0 105 -51 -81 94 -15 19 -26 -34 -49 -37 15 19 -45 45 -83 -17 34 -17 0 0 0 -15 41 -62 -36 0 -26 -41 -56 0 -31 0 127 113 71 -55 -64 -28 0 -63 42 20 -53 -49 -33 0 -28 -22 -42 -18 -21 -25
0 0 0 0 0 0 0 0 0 0 0 127 0 0 0 0 0 0 0 0 0 0 0 0 0 0 0 0 0 0 0 0 0 0 0 0 0 0 0 0 0 0 0 0 0 0 0 0 0 0 0 0 0 0 0 0 0 0 0 0 0 0 0 0
0 0 -21 44 17 -39 24 -28 -22 0 -39 31 31 0 -16 45 0 -60 0 -27 -17 18 -28 -28 0 0 0 -15 49 15 0 -15 -79 -18 18 0 56 0 127 -15 0 32 88 59 -30 0 0 0 -107 19 -20 26 0 0 -50 39 36 21 0 0 0 -29 0 -51
0 0 0 0 0 0 0 0 0 0 0 -128 0 0 0 0 0 0 0 0 0 0 0 0 0 0 0 0 0 0 0 0 0 0 0 0 0 0 0 0 0 0 0 0 0 0 0 0 0 0 0 0 0 0 0 0 0 0 0 0 0 0 0 0
0 0 16 25 0 -46 0 26 0 44 44 -17 23 0 -31 0 -58 -49 -22 0 -16 0 0 19 -22 19 -18 0 -64 0 -28 31 -25 0 0 15 0 0 0 0 0 0 0 0 0 0 -49 0 24 -24 127 17 0 -18 -27 38 -40 -21 0 -18 -33 -27 0 -50
70 103 -63 62 0 18 0 0 -20 -22 -66 -49 -20 53 0 21 0 0 -45 -84 63 0 0 0 -37 0 19 35 0 -20 -21 61 -21 73 21 -45 0 -32 -64 0 127 0 35 39 18 61 44 79 -30 -24 51 0 -57 47 -48 -52 -65 0 0 0 0 -41 -47 0
0 0 0 0 108 -88 -126 105 71 -127 0 -126 0 0 -99 0 0 -66 0 0 -86 0 103 0 -64 95 0 0 0 -113 0 127 0 0 -68 0 0 0 -66 0 0 89 0 0 0 0 0 0 0 0 0 0 69 65 0 0 60 0 0 0 65 0 0 0
0 0 -45 -32 0 0 59 -46 0 0 0 -128 0 0 32 41 0 0 0 0 0 0 0 0 0 -43 0 0 0 0 -39 0 0 0 0 0 0 0 0 -40 0 -38 0 31 0 0 0 0 0 42 0 0 -38 0 0 0 0 0 0 0 43 0 0 0
0 -127 36 -48 -38 0 94 63 -43 0 85 0 0 0 -47 -60 0 80 47 -69 -93 65 0 -50 0 36 0 0 0 0 -65 0 0 0 0 50 0 0 -107 0 -62 42 0 0 49 -47 0 86 0 0 0 0 -76 0 49 -104 0 0 0 52 0 -51 77 0
87 100 -100 -89 0 82 0 -23 -17 32 -39 0 -45 -26 -55 0 -127 0 -27 -81 -31 23 -63 72 -60 35 -64 -106 24 -41 84 -98 0 -74 0 -63 -64 -39 0 47 44 0 -31 0 -26 -25 55 -103 -39 0 43 0 -57 80 -76 -81 59 -37 -48 -21 -54 -42 91 0
-78 29 -37 33 -40 0 -69 -28 0 26 -42 0 31 0 29 -62 0 0 41 -32 0 -36 0 80 0 0 0 -80 -34 0 0 0 54 0 -32 -42 0 39 0 0 0 57 38 0 0 0 0 0 0 -32 -27 0 127 -26 0 -32 -52 0 -38 0 -25 33 0 -33
0 0 0 -31 0 -90 0 105 35 -51 99 35 0 0 0 45 0 -60 0 0 0 -36 35 0 -29 0 0 0 -128 0 0 -91 0 0 0 -31 -37 0 0 0 0 113 -34 0 28 0 0 0 -74 0 0 0 28 -95 41 0 0 0 0 -30 0 43 0 0
0 0 0 0 0 0 0 -116 0 0 0 0 0 0 -89 0 -108 109 0 0 91 0 0 0 0 0 0 0 -128 0 0 0 -108 0 90 0 0 -126 0 0 0 120 0 -89 0 0 0 -100 0 -95 0 0 -92 -86 0 81 0 0 0 0 0 0 0 0
0 0 0 0 0 0 0 0 0 0 0 -128 0 0 0 0 0 0 0 0 0 0 0 0 0 0 0 0 0 0 0 0 0 0 0 0 0 0 0 0 0 0 0 0 0 0 0 0 0 0 0 0 0 0 0 0 0 0 0 0 0 0 0 0
-102 -52 0 -52 0 0 64 -47 -20 0 0 0 0 39 0 -31 0 -34 0 0 -94 0 0 56 0 0 0 -60 0 69 0 -58 -28 -40 0 0 0 -19 81 0 0 -60 0 0 -59 31 127 -55 0 0 0 74 28 -37 29 -35 -33 0 0 -27 0 31 -41 -29
-63 -39 0 -42 43 36 0 0 -31 -83 -34 0 0 -61 -67 0 -33 0 0 -87 -56 -38 -53 0 28 -31 0 -60 0 0 0 0 -33 0 104 -44 -27 0 63 91 0 -39 0 0 -87 0 0 0 0 -64 -28 71 0 -42 -62 32 -109 0 40 -80 0 0 -54 -128
0 0 0 -127 54 32 42 60 0 0 -78 48 0 42 53 0 -79 27 0 53 -43 0 -26 0 0 -61 58 28 0 0 -44 -28 107 48 0 -42 0 -91 0 -49 0 -26 29 126 0 -38 0 -29 0 0 0 -26 0 0 0 0 35 0 27 0 -33 0 0 0
-67 0 -44 0 62 30 0 -38 0 92 70 -28 -53 0 0 -41 0 76 0 -63 0 -34 58 37 -96 86 -31 -45 112 0 -48 0 0 -82 64 -71 55 -82 -37 0 -29 0 -128 0 -63 -80 27 0 -94 0 62 -51 -52 113 -44 0 44 34 -33 -73 -41 57 0 -61
0 0 0 0 0 0 0 0 0 0 0 127 0 0 0 0 0 0 0 0 0 0 0 0 0 0 0 0 14 0 0 0 0 0 0 0 0 0 0 0 0 0 0 0 0 0 0 0 0 13 0 0 0 0 0 0 0 0 0 0 0 0 0 0
0 64 -66 -47 112 0 -46 -43 0 0 -87 0 31 0 44 -58 0 0 -38 0 -63 0 -41 -32 -25 65 0 0 0 -110 -32 35 -29 32 -49 0 0 25 -42 99 -47 -50 -50 0 0 0 127 -60 0 51 0 114 -35 -24 58 33 0 0 28 73 0 55 23 -32
-38 0 28 -68 0 -54 81 0 64 -60 0 -75 41 27 0 62 -27 0 0 0 -57 28 -128 0 0 0 72 38 0 0 -66 -51 57 0 -53 0 0 0 120 -59 0 107 0 0 0 -27 -28 -32 -35 44 0 -33 0 -27 -25 24 0 38 71 -48 29 75 0 -51
0 0 0 0 0 0 0 0 0 0 0 127 0 0 0 0 0 0 0 0 0 0 0 0 0 0 0 0 0 0 0 0 0 0 0 0 0 0 0 0 0 0 0 0 0 0 0 0 0 0 0 0 0 0 0 0 0 0 0 0 0 0 0 0
0 0 0 0 0 0 0 0 0 0 0 127 0 0 0 0 0 0 0 0 0 0 0 0 0 0 0 0 0 0 0 0 0 0 0 0 0 0 0 0 0 0 0 0 0 0 0 0 0 0 0 0 0 0 0 0 0 0 0 0 0 0 0 0
0 0 0 0 31 -46 0 40 0 0 0 0 0 0 -66 0 -79 0 -36 0 0 0 -42 34 0 35 0 0 0 0 0 -60 -67 0 -84 0 36 35 0 0 30 96 -51 0 0 0 0 -30 0 -54 0 -33 36 -128 -37 71 86 0 61 -30 -66 0 0 0
0 0 0 0 0 0 0 0 0 0 0 127 0 0 0 0 0 0 0 0 0 0 0 0 0 0 0 0 0 0 0 0 0 0 0 0 0 0 0 0 0 0 0 0 0 0 0 0 0 0 0 0 0 0 0 0 0 0 0 0 0 0 0 0
0 0 0 0 0 0 0 0 0 0 0 -128 0 0 0 0 0 0 0 0 0 0 0 0 0 0 0 0 0 0 0 0 0 0 0 0 0 0 0 0 0 0 0 0 0 0 0 0 0 0 0 0 0 0 0 0 0 0 0 0 0 0 0 0
0 0 0 0 0 0 0 0 0 0 0 -128 0 0 0 0 0 0 0 0 0 0 0 0 0 0 0 0 0 0 0 0 0 0 0 0 0 0 0 0 0 0 0 0 0 0 0 0 0 0 0 0 0 0 0 0 0 0 0 0 0 0 0 0
0 0 0 0 -128 -48 -34 -94 -66 0 -59 102 0 0 0 -35 0 60 -39 -27 24 50 0 25 0 0 33 0 51 -26 0 0 -31 -59 31 51 0 0 -23 -41 42 0 72 -69 -47 0 -75 0 34 46 0 -26 0 0 0 69 0 26 0 -48 -83 -23 0 0
32 -22 -40 -65 0 -61 0 25 -31 -65 27 -25 71 -18 0 82 0 38 -27 -54 0 0 0 -27 -39 0 19 -27 0 26 -84 0 32 -25 -20 0 127 36 20 0 -33 73 -38 21 -20 0 0 0 82 95 -16 23 0 26 -20 0 -16 0 -42 99 0 -21 0 -18
0 0 0 0 0 0 0 0 0 0 0 -127 0 0 0 0 0 0 0 0 0 0 0 0 0 0 0 0 0 0 0 0 0 0 0 0 0 0 0 0 0 0 0 0 0 0 0 0 0 0 0 0 0 0 0 0 0 0 0 0 0 0 0 0
-64 0 0 0 -63 0 -55 -55 43 0 -35 -53 0 0 -53 -40 0 0 0 -49 -45 0 0 -85 0 0 0 -89 33 0 -39 -36 39 0 -40 -46 0 -38 52 0 -53 0 -46 0 -62 -39 -71 -60 -89 0 0 0 -128 0 0 0 -54 33 0 0 0 0 -113 0
0 0 0 0 0 0 0 0 0 0 0 -128 0 0 0 0 0 0 0 0 0 0 0 0 0 0 0 0 0 0 0 0 0 0 0 0 0 0 0 0 0 0 0 0 0 0 0 0 0 0 0 0 0 0 0 0 0 0 0 0 0 0 0 0
0 0 0 0 0 0 0 0 0 0 0 -128 0 0 0 0 0 0 0 0 0 0 0 0 0 0 0 0 0 0 0 0 0 0 0 0 0 0 0 0 0 0 0 0 0 0 0 0 0 0 0 0 0 0 0 0 0 0 0 0 0 0 0 0
0 0 0 0 0 0 0 0 0 0 0 -128 0 0 0 0 0 0 0 0 0 0 0 0 0 0 0 0 0 0 0 0 0 0 0 0 0 0 0 0 0 0 0 0 0 0 0 0 0 0 0 0 0 0 0 0 0 0 0 0 0 0 0 0
35 0 0 0 38 0 -32 -45 0 81 -62 46 -44 0 -39 0 -65 -74 -33 0 -80 -39 0 0 0 0 0 0 0 0 0 0 -109 0 0 0 0 0 127 37 -43 -83 0 0 0 -60 0 0 0 -71 40 0 0 0 -51 0 0 0 64 -77 0 -42 -38 0
0 0 0 0 12 0 0 0 0 0 0 127 0 0 0 -12 0 0 0 0 0 0 0 0 0 0 0 0 0 0 0 0 0 0 0 0 0 0 0 0 0 0 0 0 0 0 0 0 0 0 0 0 0 0 0 0 0 0 0 0 0 0 0 0
0 0 0 0 0 -100 0 81 0 0 0 0 0 0 0 0 0 0 0 0 0 0 0 0 0 -56 0 0 0 0 0 0 0 0 0 -81 0 0 -91 0 0 127 0 -67 0 0 0 0 -80 0 0 -64 0 0 0 0 0 0 0 0 0 0 0 0
0 0 0 0 0 0 0 0 0 0 0 0 0 0 0 0 0 0 0 0 0 0 0 0 0 0 0 -128 0 0 0 0 0 0 0 0 0 0 0 0 0 0 0 0 0 0 0 0 0 0 0 0 0 0 0 0 0 0 0 0 0 0 0 0
39 0 0 0 -43 -26 0 -32 0 0 50 42 0 -46 0 0 0 0 0 0 0 0 0 -48 0 0 0 0 58 0 0 0 0 0 78 0 0 0 0 -43 -41 127 0 -52 0 0 0 0 50 0 0 -30 -38 63 0 0 -67 0 0 0 0 0 0 0
0 0 0 0 0 0 -69 0 0 0 0 127 -74 0 0 0 0 0 -78 0 0 0 0 0 0 0 0 0 0 0 0 0 0 0 0 0 0 0 0 0 0 0 0 0 0 0 0 0 0 0 0 0 88 0 0 0 0 0 0 0 0 0 0 0
0 0 0 0 0 0 0 0 0 0 0 -128 0 0 0 0 0 0 0 0 0 0 0 0 0 0 0 0 0 0 0 0 0 0 0 0 0 0 0 0 0 0 0 0 0 0 0 0 0 0 0 0 0 0 0 0 0 0 0 0 0 0 0 0
0 0 0 0 0 0 0 0 0 0 0 127 0 0 0 0 0 0 0 0 0 0 0 0 0 0 0 0 0 0 0 0 0 0 0 0 0 0 0 0 0 0 0 0 0 0 0 0 0 0 0 0 0 0 0 0 0 0 0 0 0 0 0 0
0 0 0 0 0 0 0 0 0 0 0 127 0 0 -76 0 -64 0 102 71 61 0 -100 0 0 0 0 0 0 0 0 0 -62 0 0 67 0 97 0 -93 0 -82 0 0 0 62 66 0 0 0 0 0 0 0 0 -89 0 0 0 -62 -99 -112 0 0
0 0 0 0 0 0 0 0 0 0 0 127 0 0 0 0 0 0 0 0 0 0 0 0 0 0 0 0 0 0 0 0 0 0 0 0 0 0 0 0 0 0 0 0 0 0 0 0 0 0 0 0 0 0 0 0 0 0 0 0 0 0 0 0
-21 -62 0 0 0 0 -34 0 49 0 -30 0 21 -28 -16 67 -40 -15 -24 0 -19 0 -45 -30 0 0 0 -26 0 -23 60 -42 0 -39 0 -45 0 59 23 0 16 21 0 -37 0 -22 37 108 -30 37 -62 36 0 0 -25 83 23 29 0 -77 -34 17 127 -37
0 0 0 -76 0 0 0 0 0 -69 -48 0 -55 -72 60 -52 115 71 0 0 0 49 0 -58 0 0 -62 0 107 0 0 0 77 -121 -65 0 0 120 -58 49 0 -65 90 -128 61 0 -93 -101 0 0 -90 -40 0 101 0 0 0 0 0 0 -107 0 0 -45
-16 0 0 -19 -21 0 16 0 -46 0 -18 -24 -32 15 0 -20 0 20 0 13 -27 63 -16 0 0 56 19 24 0 13 13 0 0 0 0 37 0 0 -25 -20 16 0 127 0 0 20 0 0 -48 0 -12 -27 0 0 0 0 -29 24 0 -12 -12 -13 19 0
-22 -25 -58 42 -44 0 -19 -44 -19 0 -51 -23 -35 23 24 0 0 0 19 0 0 -21 36 -43 0 51 0 0 -39 0 0 0 47 0 29 -28 0 0 26 0 0 0 19 42 27 19 -36 17 -50 -24 24 17 0 0 -24 -69 -32 -24 -28 127 53 0 -55 24
0 0 0 0 0 0 0 0 0 0 0 127 0 0 0 0 0 0 0 0 0 0 0 0 0 0 0 0 0 0 0 0 0 0 0 0 0 0 0 0 0 0 0 0 0 0 0 0 0 0 0 0 0 0 0 0 0 0 0 0 0 0 0 0
0 0 0 0 0 0 0 0 0 0 0 -128 0 0 0 0 0 0 0 0 0 0 0 0 0 0 0 0 0 0 0 0 0 0 0 0 0 0 0 0 0 0 0 0 0 0 0 0 0 0 0 0 0 0 0 0 0 0 0 0 0 0 0 0
0 0 0 0 0 0 0 0 0 0 0 -128 0 0 0 0 0 0 0 0 0 0 0 0 0 0 0 0 0 0 0 0 0 0 0 0 0 0 0 0 0 0 0 0 0 0 0 0 0 0 0 0 0 0 0 0 0 0 0 0 0 0 0 0
0 0 0 0 0 0 0 0 0 0 0 127 0 0 0 0 0 0 0 0 0 0 0 0 0 0 0 0 0 0 0 0 0 0 0 0 0 0 0 0 0 0 0 0 0 0 0 0 0 0 0 0 0 0 0 0 0 0 0 0 0 0 0 0
0 0 0 0 0 0 0 0 0 0 0 127 0 0 0 0 0 0 0 0 0 0 0 0 0 0 0 0 0 0 0 0 0 0 0 0 0 0 0 0 0 0 0 0 0 0 0 0 0 0 0 0 0 0 0 0 0 0 0 0 0 0 0 0
-36 -25 0 -28 -26 -29 -23 -18 -28 -37 -30 -19 29 0 -14 0 0 0 19 0 32 0 -66 0 0 0 -42 0 0 -59 -38 0 -68 22 -16 15 0 0 -68 19 -18 -58 0 23 -19 -36 0 0 0 0 18 0 0 0 0 0 0 0 0 127 0 0 -23 -28
